capE: 5.459205145076565
constant: 0.6065306597126334
0.4 4.59
-4.67 -6.085
3.685 -5.805
3.07 5.99
-4.33 -1.96
5.265 0.645
-1.305 -6.125
-0.195 5.71
2.16 -6.165
-5.09 -4.335
4.525 2.375
3.825 -1.83
2.62 6.25
-5.23 -5.605
-2.515 -0.44
2.99 -6.205
3.505 4.85
-3.18 -6.245
0.47 5.71
-4.81 -2.86
4.665 0.025
3.03 -3.545
3.605 3.855
-3.95 -6.185
-3.35 -0.92
3.565 -5.475
3.305 5.55
-5.23 -5.215
0.04 5.77
-0.485 -5.685
4.945 1.455
1.54 -5.805
1.21 5.45
-5.01 -3.635
-0.875 0.095
3.485 -5.985
2.83 6.15
-5.01 -5.885
5.165 0.975
-2.225 -6.205
-0.095 5.38
3.485 -2.73
-3.85 -1.42
4.105 2.735
2.66 -6.225
-4.39 -6.165
2.48 5.93
-4.67 -2.56
3.445 5.19
3.825 -0.81
-2.785 -6.245
-0.215 5.62
3.705 -5.675
-5.11 -4.745
4.745 1.935
-1.815 -0.14
1.0 3.76
-5.15 -5.785
1.74 -6.005
3.165 5.83
5.025 0.385
-1.685 -6.145
0.79 5.63
-4.91 -3.295
3.205 -6.065
3.585 4.33
-3.59 -6.245
2.71 6.23
2.85 -4.895
-4.07 -1.72
5.265 0.795
-5.27 -5.385
-0.095 5.75
3.605 -2.31
-1.005 -5.965
0.12 5.0
-5.03 -3.975
2.41 -6.205
3.605 3.32
-2.915 -0.72
2.54 6.13
-4.83 -6.005
3.585 -5.905
4.425 -0.23
1.38 1.675
-4.47 -2.3
0.19 5.75
-4.195 -6.165
4.645 2.175
1.04 -5.265
3.365 5.41
2.85 -6.245
-5.13 -5.015
2.97 6.07
3.905 -1.5
-2.49 -6.205
-3.59 -1.18
5.045 1.215
-0.175 5.54
3.385 -5.355
-5.19 -5.705
1.55 5.25
-1.395 0.015
-1.965 -6.185
3.525 4.59
3.265 -3.165
-4.83 -3.08
5.205 0.545
3.365 -6.025
0.65 5.67
-3.77 -6.225
2.58 6.21
-5.09 -4.485
1.94 -6.085
4.325 2.575
-2.155 -0.26
3.245 5.67
-4.91 -5.945
3.665 -5.595
0.0 5.2
-0.705 -5.765
4.865 1.655
-4.25 -1.88
-3.37 -6.245
-0.215 5.69
4.845 0.205
-4.95 -3.495
2.4 5.65
3.07 -6.165
-5.23 -5.5
3.605 4.115
3.425 -2.91
0.66 4.2
-1.165 -6.065
-3.21 -0.86
2.91 6.11
3.705 -5.765
-4.47 -6.125
5.225 0.875
0.33 5.73
-5.05 -4.12
1.38 -5.585
3.465 5.06
3.905 -1.65
-4.59 -2.46
-2.965 -6.245
-0.05 0.195
2.67 6.25
2.525 -6.205
-5.11 -5.825
0.99 5.55
4.805 1.795
3.165 -5.175
-3.71 -1.32
-0.155 5.73
-5.25 -5.335
4.185 -0.33
3.11 5.91
-1.495 -6.125
3.625 -5.865
3.865 2.855
-4.73 -2.74
-4.75 -6.045
0.26 4.78
5.245 0.585
2.78 -6.245
-2.715 -0.58
3.385 5.27
-0.385 -5.525
-5.11 -4.655
-0.025 5.75
3.685 -2.07
-4.1 -6.165
3.605 3.625
2.61 -4.275
2.75 6.19
-4.99 -3.78
2.08 -6.125
4.585 2.275
-2.355 -6.205
1.44 3.24
-3.95 -1.6
-0.135 5.48
3.425 -6.005
5.105 1.075
-5.21 -5.665
3.205 5.73
-3.485 -6.245
3.625 -5.535
0.57 5.69
-4.37 -2.16
4.925 0.285
-1.635 -0.08
2.52 6.05
-4.59 -6.085
3.165 -3.325
3.505 4.735
-1.825 -6.165
1.68 -5.925
0.12 5.75
-5.17 -5.135
3.805 -1.17
-4.87 -3.175
4.425 2.475
2.93 -6.225
3.01 6.03
-3.45 -1.08
5.265 0.72
-3.07 -6.245
1.35 5.37
3.705 -5.72
-5.07 -5.845
-0.215 5.655
0.98 0.575
-5.07 -4.215
3.605 4.23
2.28 -6.165
-2.315 -0.36
4.985 1.355
-0.845 -5.805
2.64 6.25
-4.305 -6.145
3.545 -2.51
0.5 4.42
-4.79 -2.82
3.525 -5.945
3.345 5.47
-5.11 -4.875
4.545 -0.09
-0.035 5.28
-2.085 -6.205
0.74 -4.925
4.705 2.035
-4.17 -1.82
0.91 5.59
3.125 -6.125
-5.23 -5.555
3.485 4.95
-3.865 -6.205
5.105 0.465
2.87 6.13
-3.075 -0.8
2.79 -3.765
0.265 5.73
-2.645 -6.205
3.485 -5.435
-4.93 -3.395
2.44 5.79
-4.95 -5.925
4.225 2.655
-0.495 0.155
1.88 -6.025
-0.195 5.58
-1.245 -6.105
3.865 -1.75
3.145 5.87
-5.01 -3.875
3.665 -5.825
4.905 1.555
-5.27 -5.355
0.2 4.88
-4.53 -2.4
3.545 4.48
2.715 -6.225
-4.71 -6.065
2.56 6.17
4.745 0.105
-1.995 -0.2
1.22 -5.465
-0.065 5.75
-3.28 -6.245
5.245 0.835
-3.79 -1.38
3.3 -6.025
3.285 5.59
-5.17 -5.745
1.66 2.605
-0.425 -5.625
1.13 5.49
3.325 -3.03
-5.09 -4.41
3.605 3.975
3.685 -5.635
-3.69 -6.225
0.41 5.71
-4.69 -2.68
3.05 6.01
2.34 -6.185
3.985 -0.43
-3.31 -0.9
-1.405 -6.125
4.665 2.13
-0.215 5.675
-4.43 -6.145
2.6 6.23
3.745 -1.95
-5.01 -3.685
5.265 0.68
3.03 -6.185
0.8 4.02
-5.21 -5.195
-1.19 0.035
-2.86 -6.245
3.445 5.14
3.285 -5.295
0.04 5.14
-4.29 -1.94
5.065 1.155
-4.85 -5.985
3.565 -5.925
2.79 6.17
-1.085 -6.025
3.605 3.475
-2.595 -0.5
-0.135 5.73
1.46 -5.705
-5.23 -5.45
3.845 -1.38
2.36 5.44
-4.79 -3.0
4.485 2.415
2.585 -6.205
-4.03 -6.165
0.73 5.65
5.145 0.505
-5.09 -4.575
3.185 5.79
-2.15 -6.205
3.705 -5.745
-3.65 -1.24
3.505 -2.645
0.05 5.77
-5.13 -5.805
4.785 1.855
3.365 5.355
2.69 -4.695
-4.41 -2.22
-0.265 -4.865
2.69 6.23
4.485 -0.17
-4.36 -6.165
-0.115 5.42
2.205 -6.165
-4.97 -3.555
3.985 2.795
-2.565 -6.205
1.73 5.11
3.46 -5.985
-2.835 -0.66
3.565 4.41
-5.11 -4.94
5.185 0.935
0.32 4.68
2.82 -6.245
-1.595 -6.125
3.09 5.95
-4.01 -1.66
-4.79 -6.025
3.09 -3.445
1.3 1.235
-0.18 5.71
-3.54 -6.245
3.605 -5.515
2.5 5.99
-5.03 -4.045
5.005 1.315
1.77 -6.005
-5.21 -5.64
3.505 4.8
-1.515 -0.04
0.16 5.75
3.645 -2.17
-4.63 -2.52
4.965 0.345
-0.585 -5.725
2.93 6.09
3.645 -5.845
-5.23 -5.295
0.85 5.61
4.365 2.535
-3.125 -6.245
-3.51 -1.12
3.165 -6.085
1.22 3.52
-4.89 -3.235
2.655 6.25
5.265 0.76
-4.635 -6.085
3.05 -5.115
-0.215 5.635
-1.89 -6.165
3.605 3.75
3.905 -1.575
-5.03 -5.865
3.325 5.51
2.46 -6.205
-2.415 -0.4
0.525 5.69
-5.07 -4.27
4.845 1.695
-0.945 -5.885
3.445 -2.85
0.08 5.08
-4.33 -2.1
3.705 -5.695
3.425 5.23
-4.155 -6.165
4.345 -0.27
-0.71 0.115
1.97 -6.085
2.73 6.21
-5.23 -5.58
5.225 0.565
-3.89 -1.54
0.005 5.75
-2.745 -6.225
2.9 -6.225
4.565 2.315
-5.11 -4.7
2.99 6.05
0.58 4.32
-4.77 -2.8
0.92 -5.125
3.605 4.175
-3.735 -6.225
3.505 -5.965
1.07 5.51
3.805 -1.0
-4.97 -5.905
-3.15 -0.84
3.265 5.63
4.805 0.165
-2.295 -6.205
-0.155 5.5
3.425 -5.375
-4.99 -3.595
2.54 6.105
1.64 -5.845
4.925 1.515
-5.15 -5.075
-2.055 -0.22
2.99 -3.605
0.3 5.73
-1.35 -6.125
3.665 2.935
-4.535 -6.085
3.465 5.01
3.245 -6.045
-4.13 -1.78
5.145 1.015
-3.425 -6.245
-0.055 5.32
3.565 -2.435
2.46 5.87
-5.15 -5.765
3.645 -5.575
-4.85 -3.135
1.54 2.055
2.12 -6.145
1.41 5.33
-0.385 -5.36
4.685 2.075
-5.27 -5.37
3.125 5.89
-0.205 5.69
-3.37 -1.02
3.605 -5.885
5.245 0.61
-5.01 -3.92
2.625 6.25
-2.915 -6.245
0.32 0.175
2.965 -6.205
3.505 4.665
-4.49 -2.34
-4.255 -6.145
-0.085 5.75
4.605 -0.01
-1.745 -6.145
4.165 2.695
3.225 -3.225
-5.09 -4.37
0.42 4.52
2.685 -6.225
2.85 6.13
-4.87 -5.965
-2.655 -0.54
3.785 -1.89
0.615 5.67
3.685 -5.79
-4.67 -2.57
3.605 4.04
-1.125 -6.045
5.085 0.445
-5.23 -5.525
3.225 5.69
1.5 -5.765
-1.075 0.055
-3.83 -6.205
0.09 5.75
4.825 1.755
-3.83 -1.4
3.34 -6.025
2.58 6.195
-5.09 -4.81
0.9 3.88
-2.425 -6.205
5.025 1.255
2.63 -4.45
3.465 5.09
-4.91 -3.34
-0.195 5.595
-5.095 -5.825
2.375 -6.185
3.845 -0.67
-4.27 -1.9
3.07 5.975
-0.525 -5.705
0.16 4.94
3.685 -5.655
-3.235 -6.245
4.605 2.235
-5.23 -5.225
2.38 5.57
5.265 0.78
-1.875 -0.16
3.09 -6.145
-4.655 -6.085
0.44 5.71
3.885 -1.69
-4.81 -2.87
3.605 3.55
1.72 -5.965
3.345 5.44
-2.02 -6.185
-2.975 -0.76
-0.145 5.73
-5.19 -5.69
3.525 -5.455
4.885 0.245
2.775 6.17
-5.05 -4.094
3.465 -2.79
0.95 5.57
-3.915 -6.185
4.265 2.615
2.8 -6.245
-3.67 -1.26
3.525 4.54
-1.205 -6.085
-0.015 5.24
-4.99 -3.73
5.205 0.895
3.405 -6.005
-4.49 -6.105
2.665 6.25
-0.305 0.175
1.1 -5.325
-4.33 -1.97
1.27 5.41
3.885 -1.46
-3.015 -6.245
3.185 5.77
-5.23 -5.42
4.725 1.975
3.705 -5.755
-0.215 5.685
2.04 -6.085
-3.27 -0.88
3.485 4.905
-5.09 -4.455
5.265 0.66
-3.64 -6.225
0.23 5.73
2.95 -5.055
2.955 6.07
-4.775 -6.025
3.305 -3.09
-4.57 -2.44
3.565 3.165
-1.54 -6.125
4.285 -0.29
-2.215 -0.32
0.74 4.1
2.495 -6.205
-5.17 -5.73
2.56 6.155
4.965 1.395
-4.93 -3.435
3.55 -5.925
-0.045 5.75
-0.645 -5.745
3.585 4.29
-4.375 -6.165
3.625 -2.23
0.7 5.65
-4.05 -1.7
4.705 0.065
-5.19 -5.175
3.035 6.01
3.015 -6.185
-2.185 -6.205
4.465 2.435
-1.275 0.035
-0.115 5.445
3.585 -5.495
-4.81 -3.04
3.365 5.32
-3.33 -6.245
2.69 -3.845
2.42 5.73
-4.995 -5.885
5.085 1.115
1.92 -6.065
0.22 4.84
-5.09 -4.615
1.58 2.965
-0.985 -5.945
5.165 0.525
-3.55 -1.16
2.61 6.23
3.665 -5.815
-5.23 -5.595
-0.19 5.71
-4.71 -2.72
3.605 3.91
1.32 -5.505
-2.82 -6.245
4.885 1.595
-2.795 -0.64
2.875 -6.225
0.37 5.71
-4.21 -6.165
3.145 5.85
3.525 -2.57
-5.05 -4.17
1.63 5.19
3.205 -5.255
4.065 2.755
-4.43 -2.26
3.805 -1.26
-4.73 -6.045
2.895 6.11
-0.405 -5.585
-0.175 5.555
5.005 0.365
2.18 -6.165
-5.11 -4.905
3.445 5.17
-1.695 -0.1
3.705 -5.685
-2.53 -6.205
0.1 5.04
-5.01 -3.66
5.265 0.74
2.705 6.23
-5.13 -5.795
3.145 -6.105
1.2 0.895
-4.21 -1.86
0.14 5.75
-1.445 -6.125
4.545 2.335
3.125 -3.385
3.285 5.57
-3.995 -6.165
-2.455 -0.42
3.475 -5.985
1.03 5.53
-5.26 -5.385
4.465 -0.19
3.505 4.77
2.62 -6.205
-3.77 -1.36
-3.515 -6.245
2.52 6.025
4.765 1.875
-4.89 -3.26
-0.215 5.645
-1.855 -6.165
3.845 -1.79
-4.935 -5.925
1.1 3.66
3.665 -5.61
3.605 3.695
1.42 -5.645
-3.35 -0.945
5.125 1.035
0.765 5.63
-5.03 -4.005
2.815 6.15
0.56 -4.705
-5.21 -5.655
2.43 -6.205
-0.115 5.73
-4.65 -2.54
5.245 0.595
3.365 5.39
-4.415 -6.145
3.605 -5.875
3.585 -2.37
0.36 4.62
-2.69 -6.205
4.385 2.515
-5.13 -5.045
3.09 5.935
-0.785 -5.785
-0.975 0.075
-0.075 5.36
2.75 -6.225
-3.93 -1.58
3.565 4.38
2.87 -3.685
-4.815 -6.005
2.63 6.25
4.785 0.145
-4.77 -2.96
3.355 -6.025
0.04 5.76
-2.11 -6.205
4.625 2.195
-5.07 -4.3
2.34 5.23
1.755 -6.005
-2.115 -0.24
5.245 0.82
-3.8 -6.205
0.55 5.69
3.705 -5.73
-5.23 -5.475
3.245 5.655
3.905 -1.61
-4.29 -2.04
1.46 1.855
-1.275 -6.105
3.405 -2.93
2.585 6.21
-5.055 -5.845
4.925 1.485
-3.115 -0.82
3.125 -5.155
-0.215 5.625
-3.155 -6.245
3.485 4.93
-4.99 -3.825
3.055 -6.165
1.17 5.47
4.085 -0.37
-4.61 -6.085
3.605 3.39
-5.11 -4.725
2.245 -6.145
0.54 4.36
2.98 6.05
-4.75 -2.78
5.045 0.425
-1.065 -6.005
3.625 -5.55
0.18 5.75
-4.125 -6.165
0.7 0.355
-3.61 -1.2
3.405 5.25
1.66 -5.885
-5.21 -5.26
3.945 2.815
0.02 5.18
3.725 -1.99
-2.39 -6.205
2.5 5.96
3.575 -5.905
-4.95 -3.52
5.045 1.19
-2.555 -0.48
-3.45 -6.245
3.165 5.815
2.92 -6.225
-0.165 5.71
-5.15 -5.78
5.265 0.7
-4.11 -1.76
3.605 4.08
-0.385 -5.45
2.72 6.21
3.35 -5.355
-5.07 -4.53
4.705 2.01
-1.71 -6.145
0.315 5.73
3.805 -1.075
-4.61 -2.5
3.685 -5.8
1.47 5.29
-4.695 -6.065
-1.455 -0.02
4.525 -0.11
2.06 -6.105
3.505 4.63
-5.27 -5.36
-0.155 5.515
3.205 -3.265
-3.04 -6.245
3.05 6.0
-3.85 -1.43
4.305 2.595
2.835 -6.245
-4.87 -3.2
0.83 5.61
-4.33 -6.145
5.125 0.485
2.54 6.12
1.2 -5.425
-0.615 0.135
-5.21 -5.62
3.44 -5.985
-0.075 5.75
4.825 1.73
-1.99 -6.185
3.325 5.495
-3.015 -0.78
2.75 -4.835
-5.07 -4.235
0.3 4.72
-3.57 -6.245
5.225 0.86
2.65 6.25
2.555 -6.205
-4.39 -2.2
3.485 -2.695
-4.895 -5.945
3.605 4.205
-0.215 5.665
-0.465 -5.665
3.705 -5.705
3.465 5.035
-4.79 -2.84
4.905 0.265
-5.15 -5.1
0.86 3.94
-1.935 -0.18
-1.375 -6.125
2.91 6.1
3.275 -6.025
4.505 2.395
-5.11 -5.82
0.495 5.69
3.905 -1.535
-2.885 -6.245
-3.49 -1.1
5.005 1.295
1.9 -6.045
2.46 5.84
-4.99 -3.615
-0.01 5.75
3.55 -5.475
-4.56 -6.085
3.605 3.805
2.57 -4.155
-4.315 -1.96
3.205 5.715
-3.715 -6.225
4.385 -0.25
0.06 5.12
-5.11 -4.675
3.635 -5.845
1.34 1.455
-2.26 -6.205
1.31 5.39
5.165 0.96
-5.23 -5.54
1.52 -5.785
2.865 6.13
-2.355 -0.38
3.665 -2.11
-0.195 5.705
2.98 -6.205
-4.91 -3.315
3.505 4.83
-1.045 -5.985
4.665 2.11
-4.175 -6.165
2.6 6.225
-4.51 -2.38
2.4 -6.205
5.195 0.545
0.635 5.67
-5.23 -5.315
3.345 -2.99
-3.335 -0.92
3.805 2.875
3.505 -5.955
-0.095 5.395
-3.305 -6.245
3.305 5.535
-5.01 -3.895
-0.19 0.195
-1.635 -6.125
4.865 1.63
-5.18 -5.705
0.46 4.48
3.11 -6.125
3.07 5.985
-3.99 -1.64
3.805 -0.905
0.84 -5.045
0.07 5.75
-4.455 -6.125
3.545 4.45
3.685 -5.64
-2.735 -0.6
5.265 0.65
-5.09 -4.43
2.36 5.51
-2.605 -6.205
2.135 -6.145
2.67 6.245
-4.67 -2.66
3.07 -3.485
4.185 2.675
-5.01 -5.875
0.89 5.59
4.685 0.045
-0.905 -5.825
-0.195 5.585
3.425 -5.4
-3.935 -6.185
3.425 5.21
-1.755 -0.12
-5.11 -4.97
1.32 3.42
2.67 -6.225
4.785 1.83
-4.19 -1.84
3.135 5.87
-4.83 -5.995
3.7 -5.765
0.25 5.73
3.805 -1.85
-4.93 -3.415
1.7 -5.945
2.54 6.08
4.945 1.425
-1.785 -6.145
0.14 4.98
-5.27 -5.38
-3.73 -1.34
3.39 -6.005
3.585 3.245
-3.21 -6.245
-0.15 5.73
5.265 0.79
-5.05 -4.145
3.545 -2.475
2.74 6.19
-0.025 -4.645
-2.875 -0.7
3.445 5.115
-4.665 -6.085
2.79 -6.245
4.865 0.225
0.455 5.71
-4.83 -3.1
-1.325 -6.125
4.445 2.455
-5.17 -5.74
3.265 5.615
3.245 -5.275
0.64 4.24
-1.34 0.015
2.305 -6.165
-3.665 -6.225
3.885 -0.53
2.965 6.07
-4.45 -2.28
-0.215 5.68
3.56 -5.925
-5.22 -5.215
3.605 4.005
-2.455 -6.205
5.145 1.0
3.285 -3.125
1.85 5.01
-3.245 -0.88
-4.28 -6.145
-0.035 5.3
3.19 -6.065
-5.01 -3.675
2.62 6.245
-0.55 -5.705
5.225 0.575
3.865 -1.42
-5.23 -5.57
3.505 4.7
3.655 -5.595
0.045 5.77
-4.795 -2.87
4.585 2.255
-2.8 -6.245
1.955 -6.085
1.105 5.49
-4.95 -5.915
-2.255 -0.34
3.345 5.46
2.63 -4.555
-5.09 -4.35
4.565 -0.05
2.79 6.16
-3.83 -1.48
1.44 -5.685
1.72 2.385
-3.85 -6.205
-0.095 5.745
3.655 -5.825
4.745 1.915
-5.09 -4.84
3.185 5.78
-1.185 -6.065
0.09 0.195
0.24 4.82
2.945 -6.205
-4.55 -2.42
5.085 1.1
-5.07 -5.835
2.48 5.905
3.605 -2.275
-2.055 -6.185
0.715 5.65
-3.41 -1.06
3.585 4.31
-4.385 -6.165
3.605 -5.525
4.945 0.325
-4.27 -1.915
-0.165 5.54
2.48 -6.205
4.025 2.775
-3.395 -6.245
2.565 6.17
-5.03 -3.99
2.93 -3.625
3.865 -1.725
-4.745 -6.045
3.01 6.02
1.0 -5.225
0.39 5.71
3.32 -6.025
-5.205 -5.665
3.605 3.59
-2.615 -0.52
5.265 0.69
-0.735 -5.765
3.465 4.98
-4.65 -2.64
-0.21 5.62
-2.945 -6.245
3.685 -5.78
4.905 1.54
-5.09 -4.595
0.96 3.82
2.7 6.23
1.86 -6.005
-0.81 0.095
-5.23 -5.485
4.245 -0.31
0.105 5.75
-1.47 -6.125
3.445 -2.825
-3.63 -1.22
3.365 5.375
2.845 -6.245
-4.93 -3.465
4.345 2.555
-4.065 -6.145
1.23 5.43
3.485 -5.98
3.09 5.945
-4.35 -2.14
5.185 0.915
-2.325 -6.205
0.0 5.215
-5.125 -5.805
3.01 -5.095
4.645 2.16
-1.555 -0.06
2.42 5.7
-5.17 -5.15
2.195 -6.165
3.525 4.565
-4.99 -3.755
-0.21 5.69
3.825 -1.32
-0.445 -5.645
3.7 -5.675
-4.85 -5.975
2.825 6.15
5.07 0.445
-4.09 -1.74
0.935 5.57
-3.095 -6.245
3.07 -6.155
3.605 4.145
-4.85 -3.155
4.985 1.34
-2.175 -0.28
-0.055 5.75
-1.925 -6.165
3.505 -2.61
-4.625 -6.085
2.58 6.205
1.57 -5.805
0.4 4.56
-5.09 -4.775
4.765 0.125
3.62 -5.865
3.185 5.75
-3.185 -0.86
-3.755 -6.225
4.245 2.635
0.285 5.73
-5.25 -5.345
2.73 -6.225
5.245 0.625
-4.73 -2.755
3.445 5.18
-0.965 -5.905
-0.115 5.43
3.465 -5.435
1.36 1.59
-5.03 -4.07
3.905 -1.635
2.905 6.11
-4.365 -6.165
-3.91 -1.56
1.74 -5.995
1.51 5.27
4.805 1.775
-5.23 -5.6
3.145 -3.345
0.18 4.92
-1.565 -6.125
3.605 3.885
3.42 -6.005
-2.495 -0.44
2.635 6.25
-3.555 -6.245
4.445 -0.21
-4.66 -2.56
0.59 5.67
2.355 -6.185
-5.03 -5.855
4.525 2.36
3.11 5.9
2.83 -4.875
-5.09 -4.39
-0.155 5.725
5.265 0.77
-2.715 -6.205
3.705 -5.74
-3.53 -1.14
3.485 4.875
-0.425 -5.295
1.52 3.105
-4.785 -6.025
3.705 -2.01
-4.91 -3.365
2.52 6.04
3.025 -6.185
0.17 5.75
-0.415 0.155
5.025 1.235
-5.23 -5.22
-4.33 -1.965
3.285 5.585
-2.13 -6.205
2.6 -6.205
0.7 4.16
-4.014 -6.165
3.605 3.435
3.425 -2.89
-0.215 5.65
-5.145 -5.785
5.205 0.555
3.575 -5.495
-2.935 -0.74
3.045 6.01
-1.225 -6.085
-5.01 -3.645
4.685 2.055
1.18 -5.365
0.81 5.61
-3.26 -6.245
3.465 5.08
3.585 -5.895
-4.15 -1.8
3.845 -0.71
2.71 6.225
-4.515 -6.085
-0.055 5.335
2.095 -6.125
-1.235 0.035
-5.11 -4.89
4.825 0.185
-4.81 -2.865
3.545 4.49
3.23 -6.045
0.02 5.75
-5.23 -5.435
4.405 2.495
2.55 -3.985
2.36 5.355
-2.99 -6.245
5.235 0.835
-3.815 -1.4
-1.1 -6.025
2.66 6.25
3.665 -5.625
-5.07 -4.25
0.28 4.76
-2.03 -0.22
3.765 -1.91
-4.91 -5.935
3.365 5.405
2.91 -6.225
4.845 1.675
-0.185 5.71
-4.14 -6.165
-4.59 -2.475
3.185 -5.215
2.93 6.08
-0.615 -5.725
1.01 5.53
-5.19 -5.7
5.025 0.395
-3.295 -0.9
3.745 2.895
-2.205 -6.205
3.68 -5.805
0.425 5.71
-4.81 -3.055
3.165 5.825
3.565 -2.405
1.48 -5.725
-4.705 -6.065
5.105 1.06
-0.155 5.505
-5.01 -3.945
3.585 4.26
2.54 -6.205
1.1 0.715
-3.47 -6.245
2.55 6.13
-2.675 -0.56
4.505 -0.13
-5.27 -5.365
3.52 -5.945
1.16 3.6
3.01 -3.565
-2.51 -6.205
3.235 5.67
-4.31 -2.08
-0.125 5.73
4.565 2.3
-5.11 -4.665
2.0 -6.065
0.675 5.65
-1.84 -6.165
5.265 0.73
-5.105 -5.825
2.44 5.77
3.125 -6.115
-3.67 -1.28
3.905 -1.515
3.605 3.725
-4.97 -3.57
0.1 5.06
-3.87 -6.205
3.705 -5.71
2.785 6.17
-0.385 -5.495
4.925 1.505
-1.79 -0.14
-4.425 -6.145
3.505 4.815
3.245 -3.185
0.21 5.73
-5.13 -5.025
2.81 -6.245
4.125 2.715
-4.47 -2.315
-1.425 -6.125
1.37 5.35
4.625 0.005
-5.23 -5.515
3.365 5.295
3.41 -5.375
-0.195 5.605
-4.03 -1.68
2.17 -6.165
5.24 0.585
-2.84 -6.245
2.605 6.23
-4.89 -3.245
-1.03 0.055
4.725 1.96
-4.97 -5.895
3.065 5.99
3.365 -6.02
0.52 4.4
0.66 -4.825
-5.09 -4.47
3.805 -1.12
-0.035 5.75
-3.615 -6.225
-3.35 -0.93
3.465 -2.765
3.325 5.505
1.68 -5.91
5.065 1.14
-4.235 -6.145
-0.015 5.255
3.625 -5.54
-4.79 -2.825
3.605 3.945
-1.255 -6.105
2.87 6.12
-5.21 -5.65
4.145 -0.35
-2.855 -0.68
2.445 -6.205
0.56 5.69
-4.99 -3.805
1.64 2.745
3.645 -5.84
2.5 5.98
-4.825 -6.005
5.22 0.875
2.63 -4.395
-0.215 5.67
-4.24 -1.88
-2.625 -6.205
3.505 4.72
2.99 -6.2
4.605 2.22
-5.21 -5.28
3.145 5.865
-2.39 -0.4
-1.66 -6.125
3.625 -2.2
1.155 5.47
-3.35 -6.245
5.125 0.495
1.36 -5.545
-5.05 -4.19
0.325 5.73
3.705 -5.76
2.73 6.205
-4.575 -6.085
0.52 0.215
3.905 2.835
-4.64 -2.54
2.7 -6.225
0.34 4.66
-5.16 -5.745
4.965 1.38
3.425 5.225
-0.67 -5.745
-0.09 5.75
3.48 -5.985
-3.055 -0.8
3.845 -1.775
-5.11 -4.735
2.99 6.045
4.725 0.085
-2.28 -6.205
-4.75 -2.92
3.565 4.36
1.745 -6.005
-0.115 5.465
-3.97 -6.165
-1.415 0.0
2.58 6.185
3.09 -5.135
4.785 1.845
-3.85 -1.52
-5.065 -5.845
0.78 4.04
2.83 -3.725
5.265 0.67
-1.02 -5.965
1.67 5.15
-5.2 -5.195
3.705 -5.68
0.13 5.75
-4.91 -3.305
3.265 5.625
-3.11 -6.245
3.065 -6.165
4.29 2.595
-3.575 -1.18
2.645 6.25
-4.645 -6.085
3.525 -2.545
-0.195 5.7
2.29 -6.165
4.99 0.365
-5.05 -4.105
3.605 3.515
-1.975 -6.185
-2.095 -0.24
0.87 5.59
3.565 -5.92
-5.23 -5.585
3.485 4.94
-4.41 -2.235
4.885 1.58
0.96 -5.165
0.04 5.155
-4.465 -6.125
3.805 -0.955
3.07 5.96
3.515 -5.455
-4.99 -3.705
1.5 1.935
-0.405 -5.565
2.4 5.615
-3.765 -6.225
5.185 0.93
2.885 -6.225
-0.215 5.63
-5.265 -5.385
-3.39 -1.04
3.305 -3.065
3.445 5.155
-4.69 -2.695
4.665 2.135
1.945 -6.085
2.68 6.23
-4.945 -5.925
-0.755 0.115
-1.315 -6.125
0.51 5.69
4.325 -0.27
3.33 -6.025
-5.07 -4.555
3.605 4.19
-2.765 -6.225
0.05 5.765
-4.3 -1.97
3.885 -1.67
2.97 6.065
3.665 -5.6
-4.205 -6.165
5.265 0.75
-2.535 -0.46
0.12 5.015
-5.15 -5.085
3.345 5.45
2.64 -6.205
4.495 2.395
-2.405 -6.205
-4.87 -3.185
2.54 6.095
3.185 -3.285
-5.15 -5.775
-0.175 5.545
3.6 -5.885
4.925 0.3
-3.84 -1.42
1.04 3.72
-3.41 -6.245
1.62 -5.825
0.78 5.63
5.005 1.275
-1.14 -6.045
3.18 5.79
-4.95 -3.505
3.155 -6.085
-1.605 -0.08
-4.76 -6.025
3.605 3.66
3.905 -1.555
2.62 6.24
-5.09 -4.34
3.285 -5.315
-0.095 5.385
-1.73 -6.145
5.18 0.545
-4.49 -2.355
3.525 4.58
-5.19 -5.68
2.21 -6.165
1.055 5.51
-2.755 -0.62
4.705 2.025
-3.58 -6.245
2.83 6.14
3.5 -5.965
-0.14 5.73
3.585 -2.345
-5.11 -4.925
