capE: 4.365338821959185
constant: 0.6065306597126334
-0.76 0.06
2.79 -4.785
2.135 5.0
-4.12 -4.625
4.21 0.635
-0.175 4.55
-1.67 -4.96
-3.845 -2.285
2.87 3.465
1.73 -4.93
3.125 -1.32
-3.49 -4.93
0.585 4.52
-3.065 -1.12
3.65 1.85
2.95 -4.505
2.55 4.63
-4.085 -3.725
-0.425 -4.56
0.16 3.905
3.78 0.07
-2.76 -4.995
2.275 -4.995
2.755 4.15
-4.005 -2.91
0.04 4.615
2.63 -2.5
-4.215 -4.305
3.94 1.21
-2.265 -0.53
2.325 4.885
1.215 -4.625
-3.465 -1.57
-3.8 -4.835
2.885 2.725
2.74 -4.3
1.08 4.295
-1.045 -4.895
4.18 0.455
-0.095 4.335
-2.285 -4.995
2.03 4.9
-4.04 -3.28
2.5 -4.895
-1.69 -0.195
2.87 -1.895
3.38 2.12
-4.185 -4.48
2.66 4.405
-3.67 -1.965
2.95 -4.64
0.265 4.58
-3.095 -4.96
3.475 -0.215
0.72 3.105
1.39 -4.8
-2.68 -0.735
2.455 4.79
-3.96 -4.735
4.05 0.925
-1.35 -4.915
-0.075 4.6
2.02 -4.96
2.805 3.855
-3.925 -2.64
2.39 -2.885
-4.185 -4.17
3.795 1.545
2.095 5.0
-2.0 -4.96
2.87 -4.72
1.105 1.34
-3.255 -1.375
-0.175 4.495
4.02 0.31
-3.33 -4.93
1.935 4.58
0.8 -4.18
-4.07 -3.49
3.045 -0.925
0.355 3.6
2.39 -4.96
2.885 3.175
-3.7 -4.865
-2.01 -0.355
-0.805 -4.77
0.76 4.455
2.885 -4.41
2.23 4.935
-3.735 -2.055
4.145 0.75
-2.545 -4.995
2.79 -2.18
0.0 4.16
-4.105 -4.01
3.54 1.98
-2.875 -0.945
1.87 -4.945
2.595 4.535
-4.054 -4.675
0.15 4.6
2.69 -4.815
-1.115 0.015
4.21 0.52
-4.005 -3.1
2.77 4.025
-0.31 -4.415
3.03 -1.51
-2.875 -4.995
2.39 4.84
2.275 -3.915
-0.125 4.58
-4.165 -4.53
3.86 1.405
-3.53 -1.775
2.965 -4.585
0.455 4.55
-1.82 -4.96
2.82 3.665
-3.865 -2.465
1.55 -4.865
2.065 4.965
3.62 -0.09
-3.865 -4.8
-0.15 0.155
3.125 2.265
-2.49 -0.655
2.16 -4.975
-0.14 4.43
-4.185 -4.385
2.69 4.325
-0.935 -4.85
4.0 1.05
2.53 -4.14
-3.96 -2.8
0.905 4.39
-3.545 -4.915
3.125 -1.2
2.0 4.79
-3.4 -1.505
2.915 -4.675
3.73 1.705
-2.41 -4.995
0.53 3.36
-4.085 -3.9
2.515 4.695
0.975 -4.37
3.94 0.23
-1.45 -0.115
-0.02 4.6
-1.48 -4.93
2.595 -4.835
2.885 2.99
-4.07 -3.585
2.74 -2.325
2.165 4.98
-3.22 -4.93
-2.97 -1.055
0.08 4.035
4.21 0.58
2.225 -4.995
-4.135 -4.595
1.215 2.485
-3.785 -2.19
2.085 -3.42
0.37 4.565
-0.63 -4.625
2.885 3.35
2.965 -4.54
-4.185 -4.235
2.47 4.76
3.075 -0.57
-2.12 -0.435
-0.155 4.565
-2.99 -4.975
4.1 0.39
1.665 -4.895
2.725 4.2
-4.025 -3.18
-1.185 -4.895
3.605 1.915
-3.16 -1.28
1.3 4.15
2.82 -4.755
-3.735 -4.865
2.915 -1.735
2.26 4.92
-2.135 -4.96
-0.045 4.255
4.1 0.83
-3.895 -2.54
2.455 -4.93
-4.005 -4.705
1.885 4.405
0.56 0.285
2.5 -2.71
-2.76 -0.865
0.095 4.6
1.345 -4.735
3.89 1.325
-2.655 -4.995
2.63 4.47
-3.59 -1.87
2.85 -4.38
-4.185 -4.435
3.285 2.185
-0.175 4.525
-4.054 -3.38
2.115 5.0
1.94 -4.96
3.86 0.15
-1.85 -0.29
-1.575 -4.945
2.79 3.945
-3.42 -4.915
0.68 4.485
2.965 -4.61
4.18 0.7
-4.135 -4.11
0.26 3.745
-0.36 -4.515
3.09 -1.4
-3.335 -1.455
2.375 4.855
2.34 -4.975
-4.085 -4.655
2.835 3.58
-1.305 -0.065
3.76 1.625
-3.945 -2.72
-0.125 4.4
2.74 -4.8
-2.23 -4.995
2.045 4.935
3.315 -0.28
1.135 -4.515
-2.615 -0.705
-3.895 -4.77
0.52 4.535
2.82 -2.055
2.885 2.86
-4.085 -3.795
-0.87 -4.815
4.195 0.47
1.965 4.695
-3.83 -2.255
2.93 -4.475
-0.05 4.6
-3.59 -4.88
0.975 2.82
1.765 -4.93
3.46 2.06
-0.495 0.11
-4.215 -4.285
2.565 4.58
2.23 -3.01
-1.905 -4.96
3.97 1.115
-3.465 -1.68
0.215 4.58
2.63 -4.235
-4.005 -2.95
2.77 4.07
-2.825 -4.995
3.685 -0.01
2.18 4.965
2.125 -4.975
-2.38 -0.61
-0.155 4.465
-1.11 -4.895
-4.15 -4.56
2.885 -4.705
2.885 3.27
0.435 3.49
-3.16 -4.945
3.075 -1.105
2.435 4.805
-3.705 -2.015
0.595 -3.94
3.685 1.785
-4.07 -3.66
0.965 4.36
1.505 -4.815
4.195 0.67
-3.08 -1.145
2.565 -4.85
0.035 4.115
-3.765 -4.85
2.675 4.375
2.565 -2.61
-2.48 -4.995
-1.595 -0.16
2.08 4.98
4.065 0.36
-0.52 -4.595
-0.105 4.58
-3.99 -3.025
2.965 -4.56
2.805 3.77
-4.185 -4.345
3.825 1.485
2.98 -1.59
-3.83 -2.4
0.325 4.565
2.42 -4.945
-1.74 -4.96
2.295 4.9
-3.37 -4.93
1.235 1.645
-2.92 -0.995
3.555 -0.17
-4.105 -4.64
-0.175 4.54
2.405 -4.075
2.85 2.505
-0.975 0.03
1.98 -4.96
2.53 4.66
-4.054 -3.43
4.035 0.97
-1.27 -4.895
0.825 4.42
2.85 -4.735
-3.43 -1.55
-3.925 -4.755
2.015 4.84
2.755 -2.275
0.21 3.825
-2.94 -4.975
4.21 0.545
1.31 -4.675
2.69 4.27
-4.12 -4.06
-2.185 -0.48
0.015 4.6
2.9 -4.425
-3.75 -2.145
3.22 2.22
-0.76 -4.705
2.85 3.53
-3.51 -4.93
3.045 -0.765
2.25 -4.995
-0.075 4.305
-3.975 -2.845
2.125 5.0
3.905 1.275
-2.345 -4.995
-2.81 -0.895
2.93 -4.655
1.205 4.215
-4.185 -4.46
3.905 0.2
-0.215 -3.89
2.485 4.725
0.975 0.75
1.575 -4.865
-3.83 -4.815
0.125 4.6
-3.21 -1.33
2.85 -1.955
2.885 3.085
2.66 -4.815
-4.07 -3.535
0.625 3.235
-1.0 -4.88
3.715 1.74
2.34 4.87
-2.705 -4.995
-1.93 -0.32
4.16 0.44
-4.185 -4.18
-0.175 4.51
2.79 -4.35
-3.625 -1.92
2.645 4.44
2.115 -3.695
0.63 4.5
-2.06 -4.96
4.13 0.78
-3.91 -2.59
1.825 -4.93
2.805 3.88
-4.025 -4.69
3.125 -1.265
1.985 4.74
-2.57 -0.69
2.77 -4.785
0.115 3.985
-3.65 -4.865
3.505 2.01
-1.415 -4.915
2.455 -2.79
0.415 4.55
-4.025 -3.225
2.195 4.95
0.88 -4.26
-0.35 0.125
-3.05 -4.96
3.955 1.165
2.315 -4.975
-0.145 4.565
-4.165 -4.51
2.755 4.12
-3.495 -1.73
3.73 0.025
2.965 -4.6
-4.07 -3.845
2.1 5.0
-1.21 -0.035
1.415 -4.8
4.21 0.61
-0.03 4.225
-2.595 -4.995
2.885 3.385
-0.31 -4.295
-3.845 -2.295
2.95 -1.655
1.87 4.185
-4.2 -4.27
2.47 -4.915
0.065 4.6
-3.115 -1.235
3.62 1.9
-3.28 -4.93
2.405 4.82
2.66 -2.42
-1.62 -4.945
0.815 2.995
2.07 -4.96
-1.74 -0.225
2.61 4.5
-4.04 -3.325
4.08 0.86
2.915 -4.46
-3.975 -4.72
-0.065 4.6
3.395 -0.25
-2.68 -0.76
-0.9 -4.835
2.885 2.66
0.725 4.47
-3.99 -2.88
2.805 -4.77
2.03 4.88
-4.135 -4.58
4.0 0.295
1.17 -4.56
-3.305 -1.425
0.305 3.68
3.78 1.58
-1.95 -4.96
2.5 4.71
-3.575 -4.895
1.695 -4.915
3.06 -1.46
0.24 4.58
-4.085 -3.95
2.805 3.725
2.71 -4.285
-3.735 -2.045
4.195 0.49
-0.17 4.55
-0.39 -4.545
-2.075 -0.4
2.74 4.185
-3.015 -4.975
2.9 -4.69
3.33 2.155
-4.185 -4.41
2.15 4.98
0.07 0.155
-3.88 -2.51
2.37 -4.96
-0.11 4.385
2.805 -2.115
-2.195 -4.975
3.875 1.355
1.92 4.52
-3.88 -4.785
-3.015 -1.09
1.92 -4.96
1.015 4.325
3.585 -0.135
-1.145 -4.895
1.33 2.085
-4.085 -3.755
2.28 4.9
2.95 -4.52
-3.56 -1.825
4.02 1.005
0.49 4.535
-3.72 -4.865
2.15 -3.075
2.885 3.22
-2.795 -4.995
-0.875 0.045
2.53 -4.865
2.55 4.61
-4.005 -3.135
-0.155 4.48
3.045 -1.01
-4.165 -4.155
1.075 -4.415
4.13 0.425
-2.33 -0.58
2.065 4.955
-1.78 -4.96
2.79 3.96
2.95 -4.63
-4.12 -4.615
0.065 4.065
3.665 1.82
-3.925 -2.68
2.19 -4.975
0.035 4.615
-0.565 -4.61
-3.415 -1.52
3.825 0.12
-3.455 -4.915
2.455 4.78
2.595 -2.55
3.045 2.3
-2.445 -4.995
-1.5 -0.13
2.72 -4.8
0.4 3.54
-4.215 -4.295
2.69 4.305
1.375 -4.77
4.16 0.715
-3.8 -2.225
-0.115 4.58
2.885 -1.835
-1.52 -4.93
1.46 4.025
-4.07 -3.47
2.55 -4.17
2.215 4.935
-2.65 -0.72
3.84 1.435
-4.07 -4.655
0.35 4.565
2.87 -4.395
2.885 2.93
-3.135 -4.945
3.11 -0.425
-0.965 -4.865
-2.905 -0.975
2.095 4.99
1.63 -4.865
-0.015 4.195
-3.785 -4.835
4.21 0.56
-3.99 -2.985
2.805 3.815
2.265 -4.995
1.055 1.1
-3.465 -1.575
0.79 4.44
3.11 -1.35
-2.315 -4.995
2.58 4.55
2.965 -4.57
-4.185 -4.47
3.445 2.075
-0.175 4.5
0.705 -4.065
-3.845 -2.43
2.365 4.855
-3.305 -4.93
3.985 1.085
2.635 -4.815
-1.805 -0.275
0.18 4.58
-1.23 -4.895
-4.07 -3.685
2.87 3.435
2.1 -3.545
3.955 0.265
-3.655 -1.95
1.95 4.63
2.045 -4.96
-0.605 0.095
-4.15 -4.545
0.18 3.875
2.77 -2.23
-2.625 -4.995
3.745 1.66
-0.325 -4.465
2.045 4.925
-2.46 -0.64
2.84 -4.735
-0.035 4.6
-3.675 -4.865
4.195 0.655
2.675 4.355
-3.945 -2.755
1.235 -4.64
0.56 4.52
-4.15 -4.14
3.11 -1.17
-1.86 -4.96
3.57 1.945
-3.19 -1.31
2.82 -4.365
2.425 4.805
0.595 3.28
-3.945 -4.735
2.44 -4.93
-0.155 4.56
-0.79 -4.755
4.115 0.81
-4.04 -3.3
2.77 4.05
2.42 -2.835
-1.355 -0.08
-2.855 -4.995
2.13 5.0
1.745 -4.93
3.54 -0.185
-3.735 -2.125
1.125 4.265
-4.185 -4.365
2.885 3.04
2.94 -4.64
-0.095 4.355
-2.715 -0.835
-3.53 -4.915
4.115 0.405
2.515 4.68
-1.38 -4.915
1.535 -4.85
1.105 2.675
-4.07 -3.56
3.92 1.245
-3.37 -1.49
0.295 4.565
2.78 -4.785
2.9 -1.78
-4.045 -4.675
2.82 3.63
-2.095 -4.96
2.25 4.92
2.47 -4.11
-2.235 -0.515
-0.175 4.535
-4.005 -2.93
3.795 0.085
2.14 -4.975
3.185 2.235
-3.85 -4.8
2.015 4.82
-1.07 -4.895
0.785 0.46
-3.035 -1.105
2.965 -4.55
0.11 4.6
-4.105 -4.03
2.71 4.215
4.21 0.53
-2.965 -4.975
2.725 -2.34
0.855 4.405
-3.815 -2.24
1.89 -4.945
3.81 1.5
0.13 3.955
-2.515 -4.995
-1.06 0.015
2.63 4.455
-4.205 -4.305
2.515 -4.88
3.06 -0.645
-0.47 -4.575
2.105 5.0
-3.575 -1.84
2.885 3.31
-3.355 -4.93
-0.14 4.445
2.93 -4.49
4.065 0.89
-4.1 -4.64
-1.96 -0.34
3.075 -1.43
2.315 4.885
-1.7 -4.96
0.96 -4.34
-0.005 4.6
-3.91 -2.61
3.49 2.025
2.33 -4.975
0.48 3.44
-4.054 -3.4
2.53 -2.66
2.79 3.915
-2.84 -0.93
4.21 0.625
-4.165 -4.52
0.44 4.55
2.905 -4.675
-3.195 -4.93
2.47 4.75
-0.68 -4.64
2.885 2.795
1.4 -4.8
-3.27 -1.39
3.65 -0.04
-4.085 -3.92
-0.06 4.29
3.7 1.755
-2.255 -4.995
1.905 4.455
2.68 -4.815
-1.645 -0.18
-3.75 -4.85
2.16 4.98
2.195 -3.87
-3.99 -3.065
-0.08 4.585
4.035 0.345
2.835 -2.005
-3.72 -2.03
0.66 4.485
2.235 -4.995
-2.73 -4.995
2.595 4.52
-4.185 -4.25
1.17 1.485
0.055 -3.685
3.94 1.19
-1.46 -4.93
0.24 3.775
2.965 -4.605
2.85 3.505
-2.52 -0.675
-3.995 -4.705
3.125 -1.235
2.08 4.975
-3.815 -2.365
1.96 -4.96
-0.175 4.545
4.195 0.475
-3.5 -4.93
2.755 4.135
2.675 -4.285
-3.43 -1.63
3.635 1.865
-4.085 -3.775
0.935 4.375
-0.855 -4.8
-0.26 0.14
1.2 -4.61
2.39 4.83
-4.185 -4.445
3.22 -0.33
0.14 4.6
2.86 -4.72
-3.08 -1.135
-2.38 -4.995
2.965 2.33
2.295 -2.95
-4.025 -3.2
1.965 4.67
0.88 2.93
2.405 -4.945
3.875 0.165
-3.625 -4.865
0.02 4.145
-2.04 -0.385
2.53 4.645
-1.305 -4.895
1.71 -4.915
3.86 1.385
-3.945 -2.735
-0.125 4.575
-4.135 -4.59
2.995 -1.56
2.885 3.135
2.9 -4.435
-3.075 -4.96
2.03 4.89
4.18 0.69
-3.51 -1.76
-0.31 -4.365
2.66 4.39
-4.054 -3.62
2.73 -4.8
0.54 4.52
-1.975 -4.96
3.395 2.105
-2.795 -0.88
2.645 -2.47
-3.82 -4.815
-0.125 4.415
-0.7 0.075
2.77 3.995
1.52 -4.835
4.035 0.95
-4.165 -4.2
2.135 4.995
-3.895 -2.56
2.095 -4.96
3.045 -0.85
0.32 3.65
-2.905 -4.975
1.24 4.2
-1.02 -4.88
2.95 -4.51
-1.545 -0.145
4.21 0.595
-3.915 -4.755
2.45 4.79
-3.69 -2.0
0.255 4.58
2.355 -4.045
3.73 1.685
-1.595 -4.945
2.805 3.695
-4.07 -3.51
2.58 -4.835
-0.175 4.515
-2.935 -1.01
3.505 -0.2
-3.4 -4.915
2.29 4.9
1.105 -4.465
-4.185 -4.4
4.08 0.375
0.04 4.605
2.79 -2.15
-2.3 -0.56
2.915 -4.665
2.69 4.29
-2.57 -4.995
-3.83 -2.27
2.87 2.595
2.295 -4.975
0.69 3.155
-4.115 -4.625
2.055 4.935
-0.345 -4.495
4.0 1.03
-3.35 -1.47
0.395 4.55
3.125 -1.295
-4.12 -4.08
1.845 -4.93
2.55 4.62
-3.975 -2.86
3.555 1.96
-1.88 -4.96
-0.07 4.6
2.8 -4.77
-1.165 -0.02
2.87 3.41
-3.56 -4.895
2.055 -3.325
0.1 4.0
3.745 0.04
-3.13 -1.25
1.36 -4.755
2.18 4.96
-2.68 -4.995
-4.025 -3.25
4.17 0.455
0.71 4.47
2.74 -4.32
-4.215 -4.29
1.295 2.26
-1.09 -4.895
2.805 3.835
-2.67 -0.735
2.93 -1.685
2.0 4.77
-4.014 -4.69
2.95 -4.62
3.825 1.465
-0.15 4.565
-3.765 -2.175
2.38 -4.96
-3.25 -4.915
2.355 4.855
0.26 0.14
-0.74 -4.675
4.13 0.765
-0.075 4.32
-4.07 -3.87
2.47 -2.755
2.645 4.425
-3.45 -1.57
-2.165 -4.96
3.25 2.2
1.65 -4.88
1.045 4.31
-4.165 -4.495
-2.17 -0.465
3.92 0.215
2.965 -4.545
0.08 4.6
-3.73 -4.865
2.755 4.094
0.515 -3.84
-3.925 -2.655
2.11 5.0
2.485 -4.895
3.89 1.305
-1.72 -4.96
-1.725 -0.21
0.05 4.094
2.675 -2.39
-4.04 -3.35
2.885 2.895
2.0 -4.96
1.885 4.325
-4.08 -4.655
3.06 -1.055
-3.61 -1.905
-0.17 4.495
-2.84 -4.995
4.195 0.505
2.88 -4.705
2.51 4.695
-0.84 -4.785
3.76 1.605
-4.185 -4.175
0.61 4.5
-2.41 -0.625
2.595 -4.22
2.225 4.935
-4.005 -2.92
1.04 0.975
-3.86 -4.8
1.33 -4.705
2.885 3.245
3.635 -0.07
0.2 4.58
-2.43 -4.995
-3.225 -1.345
2.755 -4.785
2.74 4.17
-3.47 -4.915
3.955 1.145
-1.02 0.03
2.21 -4.975
0.29 3.7
-4.085 -3.735
3.045 -1.48
2.07 4.965
-1.205 -4.895
-3.865 -2.48
3.585 1.93
-0.095 4.58
2.84 -4.38
-4.15 -4.555
2.565 4.57
0.85 -4.225
-2.985 -1.075
4.21 0.57
-3.115 -4.945
1.365 4.105
2.85 -1.93
-2.03 -4.96
2.835 3.59
1.79 -4.915
-0.03 4.24
-4.005 -3.115
2.435 4.8
2.965 -4.59
-1.88 -0.305
3.425 -0.23
-4.185 -4.33
0.375 4.565
-0.495 -4.575
3.345 2.14
-3.48 -1.71
-3.795 -4.835
4.115 0.8
2.03 4.86
2.45 -4.93
-0.165 4.55
-1.545 -4.93
2.58 -2.58
-2.595 -0.705
0.56 3.33
-4.085 -3.98
3.97 0.28
2.325 4.88
1.56 -4.865
-3.835 -2.295
-3.005 -4.975
2.805 3.79
2.82 -4.745
-1.405 -0.1
3.665 1.805
-0.04 4.6
-3.955 -4.735
2.15 -3.755
0.885 4.39
-2.24 -4.995
3.045 -0.71
2.61 4.49
-3.96 -2.815
2.9 -4.45
-3.29 -1.41
2.095 4.995
-0.98 -4.865
4.195 0.665
-4.185 -4.475
-0.14 4.435
2.27 -4.995
2.885 3.11
-0.05 0.155
-3.685 -4.865
2.805 -2.085
0.505 4.535
-4.054 -3.45
3.795 1.53
2.62 -4.815
-3.64 -1.935
2.47 4.74
-2.775 -4.995
1.155 -4.545
1.04 2.755
4.15 0.44
-2.89 -0.96
0.195 3.855
-0.375 -4.53
2.675 4.34
-4.12 -4.605
2.95 -4.635
3.09 -1.375
-3.34 -4.93
1.985 4.72
4.02 0.99
1.93 -4.96
0.005 4.6
-3.99 -3.005
-1.8 -4.96
2.885 2.76
-2.695 -0.815
2.34 -2.9
2.165 4.975
-4.215 -4.3
3.475 2.04
-0.095 4.345
-1.365 -4.915
2.175 -4.975
-3.705 -2.085
3.84 0.135
2.79 3.93
-0.825 0.045
-4.07 -3.7
2.93 -4.48
0.31 4.565
-3.54 -4.915
2.375 4.85
0.755 -4.115
-2.09 -0.42
3.92 1.23
-2.5 -4.995
-0.175 4.53
2.705 -4.8
2.885 3.37
-4.054 -4.67
3.09 -1.135
-3.415 -1.53
0.985 4.345
1.49 -4.8
1.36 1.785
-3.88 -2.525
2.26 4.915
2.74 -2.305
-0.915 -4.835
4.21 0.525
-4.185 -4.425
0.385 3.57
2.895 -4.69
2.69 4.245
-4.07 -3.575
-3.065 -1.185
3.715 1.725
2.5 -4.125
0.15 4.595
-3.15 -4.945
3.57 -0.15
-1.645 -4.945
2.12 5.0
2.355 -4.96
-3.88 -4.78
0.0 4.175
-1.245 -0.05
4.145 0.735
-3.785 -2.205
1.935 4.555
1.755 -4.93
-4.175 -4.17
3.09 2.28
-0.59 -4.61
-0.12 4.58
2.885 -1.845
-2.36 -4.995
2.77 4.06
2.965 -4.575
-3.545 -1.81
0.745 4.455
-4.005 -3.16
4.02 0.32
2.53 4.655
-3.76 -4.85
2.55 -4.85
-2.55 -0.69
0.77 3.06
1.255 -4.64
3.525 1.995
-2.925 -4.975
2.045 4.915
-1.77 -0.26
2.775 -4.35
-0.155 4.47
-4.105 -4.635
4.05 0.91
-0.325 -4.25
2.835 3.555
-4.07 -3.82
2.965 -1.605
0.575 4.52
-3.945 -2.775
2.055 -4.96
2.455 4.77
-1.165 -4.895
3.265 -0.295
-3.435 -4.915
-0.435 0.11
2.79 -4.78
0.145 3.935
-3.145 -1.265
3.875 1.34
2.675 4.37
-4.165 -4.525
2.55 -2.63
-0.06 4.6
-2.64 -4.995
4.21 0.63
1.39 -4.79
-3.735 -2.05
2.195 4.945
2.885 2.965
-1.93 -4.96
2.87 -4.405
-4.054 -3.375
1.175 4.23
-2.14 -0.45
3.7 0.005
-4.135 -4.12
0.23 4.58
2.24 -4.995
3.62 1.885
-3.46 -1.57
2.595 4.53
-3.29 -4.93
2.035 -3.185
1.09 1.25
2.93 -4.65
-0.175 4.505
-3.97 -4.72
2.805 3.745
-1.495 -4.93
3.125 -1.215
2.085 4.98
-2.825 -0.915
4.19 0.47
-3.99 -2.895
1.68 -4.895
0.035 4.61
-4.2 -4.275
3.985 1.075
-0.775 -4.72
2.385 4.84
2.415 -4.945
-3.845 -2.445
0.515 3.395
-2.3 -4.995
2.77 -2.21
2.885 3.33
-3.66 -4.865
-1.575 -0.16
2.85 -4.73
0.47 4.535
3.78 1.565
0.945 -4.29
2.015 4.83
-3.32 -1.44
-4.135 -4.57
3.89 0.185
-0.045 4.27
2.26 -3.9
-2.81 -4.995
2.755 4.145
-4.04 -3.275
3.3 2.17
2.95 -4.53
-2.64 -0.72
-1.055 -4.895
2.495 4.71
-0.14 4.565
-3.505 -4.93
3.045 -0.885
1.88 -4.945
-3.845 -2.29
1.84 4.054
4.09 0.39
-4.085 -3.935
2.135 4.99
2.67 -4.815
-1.99 -0.355
-1.76 -4.96
0.81 4.42
4.08 0.845
-4.185 -4.375
2.61 -2.53
2.805 3.87
-3.055 -1.12
-0.125 4.405
-0.44 -4.56
2.13 -4.975
-3.925 -4.75
3.41 2.09
2.305 4.885
-0.56 0.095
-3.925 -2.695
3.01 -1.525
0.225 3.81
2.96 -4.61
-3.035 -4.96
2.63 4.465
-2.115 -4.96
3.745 1.645
-3.67 -1.98
0.115 4.6
2.63 -4.255
-4.07 -3.52
3.605 -0.105
1.6 -4.85
1.95 4.61
-3.81 -4.815
0.88 0.575
2.87 3.455
2.47 -4.91
-2.44 -0.64
4.21 0.605
0.34 4.565
-4.185 -4.455
-1.25 -4.895
2.065 4.96
2.405 -2.85
-3.45 -1.665
-0.175 4.52
-2.61 -4.995
3.84 1.42
1.055 -4.4
2.885 2.69
-3.99 -3.045
2.87 -4.715
0.655 3.2
-4.035 -4.675
2.55 4.595
3.125 -1.31
-1.095 0.015
-0.325 -4.445
0.08 4.05
-4.105 -4.045
2.335 -4.975
2.24 4.92
4.175 0.7
-3.21 -4.93
-2.935 -1.03
2.895 -4.425
0.67 4.485
2.77 4.01
-3.91 -2.6
3.81 0.105
-3.71 -4.865
2.835 -1.985
-0.075 4.595
-0.945 -4.85
1.97 -4.96
2.885 3.195
-4.185 -4.24
2.415 4.805
-2.28 -0.545
3.65 1.84
-1.68 -4.96
2.785 -4.785
1.095 4.28
-3.575 -1.855
3.075 -0.51
-4.07 -3.67
1.41 -4.8
0.055 4.6
3.97 1.105
-2.87 -4.995
2.69 4.315
-4.12 -4.62
2.1 -3.6
1.265 2.37
-3.24 -1.36
4.195 0.48
2.045 4.93
2.945 -4.505
-2.465 -4.995
-0.015 4.205
-1.67 -0.195
-4.005 -2.94
1.735 -4.93
3.155 2.25
-0.16 4.55
-3.605 -4.865
2.755 -2.26
2.455 4.785
-1.435 -4.915
-3.83 -2.26
4.054 0.36
2.5 -4.89
0.34 3.62
2.82 3.65
-4.18 -4.48
0.42 -3.715
2.155 4.98
-2.68 -0.745
2.73 -4.3
0.43 4.55
-4.07 -3.48
3.905 1.265
-2.21 -4.975
3.345 -0.265
-0.93 0.03
2.255 -4.995
2.74 4.18
-3.365 -4.93
-0.095 4.37
-3.39 -1.505
2.9 -1.76
-0.815 -4.77
1.885 4.375
-4.085 -4.65
2.945 -4.64
3.685 1.775
2.335 4.87
-4.085 -3.785
1.185 -4.575
4.21 0.54
-0.025 4.6
-3.75 -2.155
2.885 3.02
-3.865 -4.795
2.735 -4.8
0.42 0.175
0.78 4.44
-2.745 -4.995
2.645 4.435
-1.91 -0.32
2.435 -4.09
-4.025 -3.19
4.065 0.88
-0.54 -4.595
2.0 4.78
-4.21 -4.285
3.075 -1.415
0.165 4.58
2.03 -4.96
-2.78 -0.88
-1.84 -4.96
2.9 2.36
3.94 0.24
2.515 4.69
2.965 -4.555
-3.895 -2.55
-0.14 4.455
-3.495 -4.93
0.93 2.885
2.485 -2.725
-1.125 -4.895
2.095 4.985
-4.0 -4.705
3.825 1.475
-3.08 -1.215
2.385 -4.96
0.45 3.475
1.295 -4.655
2.79 3.955
-3.085 -4.96
3.76 0.055
-3.53 -1.785
0.28 4.565
-4.18 -4.18
2.815 -4.755
-1.335 -0.08
3.435 2.075
2.175 4.965
-2.045 -4.96
3.045 -0.965
-0.135 4.565
-4.054 -3.415
1.835 -4.93
4.195 0.645
-4.16 -4.53
2.545 4.63
-0.295 -3.955
-2.345 -0.595
0.92 4.375
2.81 -4.365
-3.8 -2.335
2.885 3.29
2.705 -2.34
-3.775 -4.835
0.035 4.125
3.94 1.2
-2.53 -4.995
2.65 -4.815
1.965 4.685
-3.72 -2.035
1.135 1.42
1.55 -4.86
0.62 4.5
-4.105 -4.02
4.115 0.415
-1.325 -4.895
2.755 4.11
2.965 -4.595
-2.865 -0.945
-0.11 4.58
-3.96 -2.83
3.125 -1.28
2.255 4.92
-2.975 -4.975
3.595 1.915
0.675 -4.035
-4.185 -4.355
2.85 3.52
2.15 -4.975
-1.48 -0.13
3.525 -0.185
0.275 3.73
-3.57 -4.895
2.26 -2.98
2.03 4.895
-0.88 -4.815
-3.435 -1.57
-0.165 4.495
4.1 0.82
-4.13 -4.595
2.9 -4.685
2.66 4.4
-2.27 -4.995
2.885 2.83
-4.04 -3.31
2.87 -1.875
0.09 4.6
2.305 -4.975
-2.025 -0.37
2.37 4.855
-3.895 -4.765
3.73 1.695
1.345 -4.725
-3.075 -1.135
1.255 4.185
-1.585 -4.945
4.18 0.46
-3.925 -2.665
2.865 -4.395
0.515 4.535
-0.21 0.14
-3.315 -4.93
2.47 4.755
-4.085 -3.745
2.56 -4.85
4.035 0.965
-0.075 4.31
-0.4 -4.545
2.805 3.805
-4.185 -4.42
2.645 -2.45
-3.59 -1.885
2.135 4.985
1.7 -4.915
3.155 -0.36
-2.695 -4.995
0.1 4.014
3.86 1.395
-2.48 -0.655
2.96 -4.54
-3.99 -2.97
2.58 4.545
-1.01 -4.88
-0.01 4.6
-3.735 -4.86
3.99 0.295
1.155 2.595
2.565 -4.205
