capE: 4.8346246848041625
constant: 0.6065306597126334
-4.35 4.33
7.495 3.015
-0.005 -3.32
7.155 5.615
-5.92 3.745
1.55 -0.845
3.605 5.345
-1.555 -0.845
-5.515 4.695
6.965 4.28
-4.355 2.29
4.495 2.725
-0.47 -2.585
5.065 5.41
-3.17 4.68
0.61 -2.355
7.11 5.17
-5.6 3.225
7.085 3.11
-0.005 1.655
-5.85 4.305
0.17 -3.055
2.78 4.66
7.27 3.54
-5.095 4.805
-1.045 -1.66
6.99 5.52
-2.82 3.815
1.105 -1.555
4.325 5.495
-5.0 2.86
5.48 3.06
-0.135 -3.12
-5.925 4.02
7.455 3.155
-3.685 4.805
6.59 5.175
-1.18 -0.22
2.5 3.87
-5.82 3.46
-0.71 -2.195
7.18 5.49
-5.695 4.545
0.37 -2.735
5.545 5.21
1.145 -0.175
7.385 2.98
-4.57 2.515
3.205 5.115
-4.835 4.735
0.04 -3.255
7.015 4.74
-2.935 4.405
-1.325 -1.21
3.75 2.79
-5.365 3.07
7.135 3.825
0.865 -1.94
4.64 5.49
-5.335 4.78
7.105 5.61
-0.275 -2.89
-3.685 2.89
6.65 3.3
-5.905 4.145
1.375 -1.125
3.95 5.45
-3.42 4.79
7.47 2.98
-0.055 -3.24
-5.89 3.61
7.15 5.345
-0.615 0.69
4.97 2.83
-0.87 -1.945
-5.77 4.445
2.98 4.915
7.375 3.325
-4.24 2.405
0.25 -2.93
-3.935 4.735
7.18 5.59
-1.445 -0.645
5.295 5.33
-5.725 3.345
1.415 -0.605
3.06 3.165
-5.21 4.805
7.06 4.955
-0.375 -2.735
7.285 3.02
-4.77 2.695
0.735 -2.145
4.125 5.48
-5.935 3.885
5.865 3.34
-2.85 4.18
0.01 -3.305
6.815 5.37
-5.6 4.63
-1.205 -1.405
2.605 4.3
7.495 3.06
0.465 0.92
-4.67 4.64
7.055 3.995
0.465 -2.585
-5.195 2.975
4.815 5.465
-1.46 -0.995
-3.28 4.74
7.045 5.57
1.24 -1.34
-5.875 4.25
4.165 2.72
0.09 -3.185
3.38 5.235
-4.435 2.375
7.325 3.42
-5.445 4.735
-0.615 -2.355
6.975 4.565
-3.06 3.35
5.825 5.01
-5.865 3.545
-0.19 -3.025
7.18 5.545
-0.215 1.325
6.905 3.19
-3.81 4.78
1.48 -0.955
-5.5 3.155
3.765 5.4
7.435 2.975
-0.03 -3.29
-5.0 4.79
5.21 2.925
-0.95 -1.81
7.135 5.275
-5.935 3.945
0.99 -1.74
-3.045 4.57
4.49 5.495
-0.965 0.12
7.215 3.66
-5.81 4.38
2.66 3.595
0.31 -2.825
6.895 5.44
-4.045 2.625
-1.53 -0.78
7.43 3.205
-5.78 3.405
2.88 4.795
-0.535 -2.475
-3.545 4.805
6.375 4.995
-5.655 4.585
4.73 2.765
-0.095 -3.175
7.135 5.615
-4.875 2.775
0.905 0.215
7.2 3.06
-5.265 4.795
0.535 -2.465
4.935 5.44
-5.91 3.695
7.085 5.06
-1.125 -1.53
-4.1 4.625
3.5 5.295
1.51 -0.76
7.485 3.085
-4.32 2.305
0.13 -3.12
7.175 5.45
-5.92 4.075
3.42 2.925
-2.88 3.6
6.375 3.42
-0.335 -2.8
-5.655 3.275
5.415 5.275
-1.325 -0.455
2.685 4.48
-4.92 4.765
0.805 -2.035
6.99 4.155
0.025 -3.29
-5.73 4.5
7.485 3.0
-2.99 4.5
7.175 5.6
-0.795 -2.06
4.215 5.49
-5.295 3.03
0.13 1.455
5.645 3.165
-5.395 4.755
1.175 -1.445
7.035 4.85
-1.395 -1.1
-5.925 3.81
3.11 5.035
7.405 3.26
-4.66 2.6
0.0 -3.32
6.72 5.29
-3.615 4.81
1.3 -0.42
5.17 5.375
-3.365 3.1
-0.23 -2.96
7.175 3.74
-5.89 4.2
4.005 2.735
0.665 -2.255
7.08 5.59
-5.56 4.665
2.54 4.105
-4.39 2.32
7.36 2.99
0.21 -2.99
-3.345 4.765
3.845 5.425
-1.515 -0.905
-5.84 3.5
7.155 5.39
1.32 -1.21
-4.755 4.695
6.775 3.245
-0.66 -2.275
5.68 5.12
-5.445 3.12
5.08 2.87
-2.83 4.04
-0.075 -3.21
6.955 4.435
-5.835 4.335
-0.79 0.41
7.495 3.035
3.315 5.195
0.41 -2.675
-5.15 4.805
7.18 5.57
-1.26 -1.315
-5.1 2.92
4.72 5.48
-4.03 4.68
0.935 -1.825
7.295 3.49
-5.905 3.665
-0.415 -2.665
4.355 2.72
6.945 5.48
-3.1 4.625
0.705 0.53
0.065 -3.215
4.03 5.465
-4.5 2.445
7.415 2.975
-5.75 4.475
7.095 5.11
1.525 -0.885
-5.695 3.315
-0.995 -1.74
2.82 3.405
7.095 3.915
-5.49 4.71
-0.165 -3.065
4.415 5.495
-2.89 4.305
7.015 3.14
-5.925 3.985
7.165 5.61
-1.395 -0.565
-0.015 -3.305
-3.88 2.76
5.335 2.98
3.045 4.975
-4.57 4.555
6.51 5.105
1.045 -1.65
-0.075 1.545
7.47 3.115
-5.56 3.195
-0.75 -2.135
-3.74 4.795
6.995 4.67
0.28 -2.87
-5.3 4.79
3.675 5.37
7.18 5.515
-5.91 4.115
1.43 -1.035
7.35 3.37
-4.28 2.35
2.51 3.97
-1.555 -0.82
5.23 5.355
0.505 -2.515
-5.925 3.845
7.46 2.98
-3.22 4.71
-0.5 -2.53
7.125 5.245
-5.625 4.61
4.825 2.79
-0.035 -3.27
-4.935 2.82
2.74 4.585
-0.415 1.0
7.025 5.545
-5.04 4.795
6.085 3.47
-1.165 -1.465
-5.875 3.57
4.57 5.49
0.11 -3.145
7.245 3.04
-3.195 3.225
1.47 -0.695
5.985 4.875
-5.795 4.405
-0.31 -2.84
-3.475 4.795
7.125 5.615
3.59 2.845
-5.755 3.375
7.235 3.605
-1.085 -0.07
0.705 -2.195
3.445 5.265
-4.155 2.515
7.055 4.915
-3.88 4.755
-0.91 -1.88
7.325 3.005
-5.375 4.765
5.0 5.425
-0.115 -3.145
-5.24 3.0
1.04 -0.005
6.67 5.25
-5.88 4.225
5.72 3.22
-1.42 -1.06
-2.82 3.93
7.015 4.085
0.185 -3.025
2.925 4.85
-4.875 4.75
7.165 5.42
1.28 -1.275
-4.71 2.65
7.495 3.05
-5.935 3.915
-0.575 -2.41
4.265 5.49
4.6 2.745
0.0 -3.315
-5.67 4.57
7.39 3.29
0.27 1.225
-2.96 4.445
5.495 5.235
0.905 -1.88
-5.81 3.445
6.865 5.41
-4.365 2.295
2.55 3.75
0.345 -2.77
6.56 3.34
-4.185 4.54
-1.485 -0.71
7.145 5.615
-5.18 4.805
3.91 5.44
-0.255 -2.93
7.475 2.99
-5.63 3.25
1.55 -0.82
6.965 4.51
-5.92 3.77
-1.085 -1.595
3.26 5.155
-3.39 4.78
0.57 -2.41
7.14 5.305
-5.535 4.68
7.145 3.085
0.05 -3.24
3.275 3.005
-4.53 2.475
4.88 5.45
-1.26 -0.35
-5.855 4.285
7.15 3.795
-2.945 3.495
1.135 -1.505
7.18 5.58
-5.405 3.095
2.64 4.385
-0.83 -2.01
7.445 3.17
-4.97 4.78
5.41 3.02
0.025 -3.28
-3.14 4.655
7.07 5.0
1.225 -0.3
-5.92 4.05
5.61 5.17
-1.355 -1.165
3.915 2.75
-5.895 3.635
-0.435 -2.635
7.07 5.585
-3.54 2.985
3.555 5.32
0.43 -2.635
7.445 2.975
-5.71 4.52
0.025 1.625
-3.78 4.79
6.83 3.22
-0.15 -3.09
-5.045 2.89
4.53 5.495
7.03 4.81
0.775 -2.08
-5.425 4.74
7.31 3.46
-1.49 -0.945
2.82 4.715
-4.46 2.4
7.175 5.47
0.145 -3.09
-4.71 4.665
4.915 2.815
-2.865 4.235
1.4 -1.085
-5.85 3.515
6.775 5.33
4.075 5.47
-0.635 -2.315
-5.82 4.365
7.495 3.025
-0.87 0.28
-0.045 -3.255
5.35 5.305
-5.535 3.18
6.955 4.35
-3.58 4.805
1.36 -0.52
3.155 5.08
-5.895 4.175
7.18 5.53
-0.215 -2.99
7.415 3.235
-4.81 2.725
-1.285 -1.275
4.265 2.72
-5.12 4.805
0.63 -2.315
4.77 5.47
-2.835 3.72
7.19 3.705
-5.585 4.645
0.61 0.69
7.115 5.21
-0.005 -3.315
-4.33 2.295
2.565 4.18
6.96 3.165
-3.975 4.71
1.015 -1.7
-5.91 3.72
7.095 5.6
-1.02 -1.7
5.56 3.11
3.715 5.385
-5.675 3.295
0.225 -2.96
7.4 2.98
-3.25 4.725
6.29 4.915
-1.54 -0.865
-5.78 4.43
-0.39 -2.71
5.12 5.395
-5.14 2.945
6.975 5.505
-0.335 1.135
-5.245 4.795
7.475 3.1
1.205 -1.395
2.94 3.28
-5.935 3.875
0.095 -3.17
7.07 3.955
-3.015 4.53
4.37 5.495
-0.685 -2.235
-3.99 2.67
7.165 5.605
1.495 -0.93
-4.79 4.71
5.135 2.895
-5.795 3.43
6.99 4.63
-0.02 -3.295
3.02 4.955
-4.625 2.57
7.175 3.07
-1.355 -0.5
-5.46 4.725
0.33 -2.8
5.745 5.075
-3.655 4.805
7.1 5.135
0.84 -1.98
-5.91 4.094
7.255 3.57
-1.23 -1.365
3.8 5.41
-5.335 3.055
4.435 2.725
-0.085 -3.19
-2.835 4.1
7.485 3.005
0.825 0.345
6.925 5.465
-5.64 4.6
-0.55 -2.45
2.71 4.53
-4.405 2.335
6.465 3.38
-5.88 3.585
7.18 5.56
0.48 -2.555
-4.06 4.655
4.165 5.48
-0.7 0.545
1.535 -0.8
7.365 3.34
-5.865 4.265
-0.885 -1.915
6.63 5.21
-5.065 4.795
3.835 2.765
0.015 -3.295
-3.32 4.755
7.345 3.0
3.34 5.21
-5.475 3.14
-0.35 -2.77
7.15 5.365
-4.21 2.445
4.68 5.48
-1.515 -0.76
-5.925 3.965
6.975 4.225
1.08 -1.595
-5.355 4.77
2.6 3.675
7.115 5.61
0.265 -2.895
-2.915 4.36
7.46 3.13
-0.135 1.455
-5.74 3.36
5.785 3.27
-0.175 -3.055
-4.63 4.61
5.255 5.345
1.35 -1.165
-5.74 4.485
7.045 4.885
-0.77 -2.095
-3.265 3.17
4.65 2.75
7.045 3.125
-5.925 3.795
-1.13 -0.145
3.63 5.355
0.07 -3.205
7.18 5.5
-3.525 4.805
-4.905 2.795
7.465 2.98
0.685 -2.225
2.525 4.035
-1.445 -1.02
-5.685 4.555
7.11 3.875
4.975 5.43
-3.78 2.83
-0.285 -2.87
7.0 5.53
-3.855 4.765
1.44 -0.645
-5.835 3.485
5.265 2.95
-1.11 -1.555
6.47 5.075
-5.285 4.79
2.855 4.76
-0.06 -3.23
7.335 3.405
-4.295 2.33
3.99 5.455
-5.84 4.32
0.385 -2.71
7.15 5.615
-3.08 4.6
7.485 3.075
1.095 -0.095
-5.575 3.21
3.195 3.06
-0.485 -2.555
7.075 5.025
-4.945 4.77
0.96 -1.785
5.465 5.25
-5.925 4.005
6.705 3.28
0.03 -3.27
-2.85 3.67
0.07 1.545
4.45 5.495
-5.265 3.015
7.27 3.03
-1.305 -1.245
-5.57 4.655
7.165 5.435
0.16 -3.065
3.08 5.01
-4.6 2.545
7.03 4.045
1.455 -0.995
-5.905 3.68
4.085 2.725
-0.965 -1.785
-3.445 4.79
6.84 5.385
7.425 2.975
-4.505 4.485
0.55 -2.44
-1.02 0.035
3.415 5.25
-5.905 4.135
7.005 4.7
-0.03 -3.285
-5.195 4.805
7.175 5.595
-1.53 -0.885
5.01 2.845
-4.74 2.67
7.435 3.19
-3.195 4.695
4.85 5.455
-0.125 -3.13
-5.765 3.385
1.26 -1.305
7.23 3.625
2.58 4.235
-5.785 4.42
-0.725 -2.17
5.88 4.955
-2.99 3.43
0.37 1.07
7.14 5.32
-5.475 4.715
0.76 -2.105
6.255 3.47
-4.345 2.29
3.87 5.43
0.0 -3.31
-5.935 3.93
7.495 3.02
-1.42 -0.605
7.04 5.56
-4.14 4.585
3.5 2.885
-0.445 -2.615
-5.17 2.96
4.605 5.49
1.26 -0.36
7.095 5.09
-4.82 4.725
0.295 -2.85
7.285 3.51
-5.64 3.26
-2.88 4.28
3.235 5.135
-1.18 -1.445
5.52 3.085
-5.89 4.19
-0.205 -3.0
6.955 4.395
-3.715 4.795
7.13 5.615
-0.51 0.85
1.535 -0.865
-5.41 4.75
7.31 3.015
0.12 -3.13
5.145 5.385
-5.89 3.62
2.52 3.82
-4.11 2.57
6.75 5.315
-0.845 -1.98
7.495 3.045
-5.755 4.465
0.88 -1.915
4.24 5.49
-2.82 3.88
4.77 2.775
-5.39 3.085
0.44 -2.615
6.865 3.205
-1.54 -0.8
7.18 5.585
-5.02 4.79
2.96 4.89
-0.59 -2.385
-5.925 3.825
7.02 4.78
-4.475 2.42
0.055 -3.23
7.395 3.275
-3.06 4.585
5.57 5.195
1.15 -1.48
-5.615 4.615
3.515 5.305
-1.23 -0.3
-3.91 4.74
7.175 5.46
-0.315 -2.825
7.11 3.1
-5.855 3.53
0.96 0.12
3.67 2.815
-4.96 2.835
7.155 3.77
-0.01 -3.305
-5.825 4.35
2.655 4.42
7.11 5.19
-1.38 -1.125
-3.445 3.045
7.47 2.985
0.585 -2.385
-5.32 4.78
5.04 5.415
-0.03 1.615
-3.365 4.77
5.96 3.42
0.2 -3.0
-5.71 3.33
7.065 5.575
1.495 -0.735
4.1 5.47
-5.92 4.065
-1.06 -1.635
6.535 5.13
-4.375 2.305
4.55 2.735
-0.1 -3.17
-5.135 4.805
7.375 2.99
-2.975 4.475
6.98 4.185
0.825 -2.01
2.74 3.495
-5.92 3.755
7.16 5.61
-0.515 -2.505
-5.53 4.685
3.74 5.395
7.42 3.22
-4.835 2.75
1.295 -1.25
5.385 5.29
-3.63 4.81
-0.26 -2.91
-1.475 -0.97
6.91 5.45
-5.515 3.165
5.37 3.0
2.765 4.625
-5.875 4.24
0.01 -3.3
7.315 3.445
-4.735 4.68
-0.91 0.215
7.135 5.285
-0.925 -1.85
4.345 5.495
-2.83 3.995
0.645 -2.29
-5.7 4.53
7.44 2.975
-4.255 2.385
6.98 4.595
1.34 -0.485
3.14 5.065
-5.935 3.9
0.24 -2.935
7.18 5.54
-4.0 4.695
4.215 2.72
0.21 1.325
6.6 3.325
-5.07 2.905
-0.07 -3.215
4.745 5.47
-5.785 3.415
1.065 -1.62
7.455 3.145
-4.9 4.755
-1.46 -0.67
6.185 4.85
-3.265 4.735
-0.65 -2.29
7.11 5.61
-3.625 2.93
7.205 3.675
0.135 -3.105
-5.8 4.39
3.575 5.33
1.415 -1.06
7.23 3.045
-5.23 4.795
2.5 3.925
-1.245 -1.34
7.06 4.975
-5.895 3.65
-0.405 -2.68
5.175 2.91
-4.545 2.495
5.64 5.145
-3.5 4.795
0.52 -2.49
7.155 5.405
-5.425 3.11
7.495 3.055
0.545 0.785
-5.5 4.7
-0.14 -3.105
3.285 5.17
-3.115 3.295
7.125 3.845
-1.555 -0.835
4.51 5.495
-5.92 4.035
0.025 -3.285
6.695 5.265
-4.225 4.5
1.55 -0.835
5.61 3.14
-5.825 3.475
-0.81 -2.035
6.965 5.495
3.135 3.11
-3.125 4.64
7.48 3.0
-4.42 2.36
0.36 -2.745
-5.66 4.575
4.895 5.45
-0.275 1.225
7.17 5.6
0.92 -1.85
-5.605 3.235
6.98 3.16
2.9 4.815
-1.14 -1.505
-5.105 4.805
6.955 4.47
-0.03 -3.28
-2.845 4.145
4.88 2.805
-5.895 4.16
3.97 5.45
-1.29 -0.4
7.355 3.355
-4.685 2.625
-0.235 -2.95
7.18 5.51
-3.835 4.77
1.225 -1.365
5.33 5.315
-5.91 3.705
7.39 2.98
0.08 -3.19
-5.365 4.765
2.62 4.34
7.055 4.93
-5.32 3.045
1.19 -0.245
3.955 2.745
-1.345 -1.18
-5.725 4.505
7.045 4.01
0.415 -2.655
-3.945 2.71
6.8 5.355
4.29 5.49
-4.61 4.585
-0.365 -2.745
6.745 3.26
-2.92 4.375
0.72 -2.17
-5.855 4.29
7.14 5.615
-0.575 0.75
3.46 5.275
7.475 3.09
-5.685 3.305
-0.005 -3.31
-3.595 4.81
5.775 5.05
-0.98 -1.76
4.315 2.72
-4.31 2.315
7.115 5.225
1.51 -0.905
-5.925 3.86
7.26 3.555
-0.565 -2.425
-5.59 4.64
2.805 4.69
0.175 -3.04
5.09 5.4
-2.905 3.555
7.49 3.015
-5.865 3.555
-1.5 -0.735
7.05 5.57
-4.985 4.78
1.03 -1.675
5.815 3.3
-5.02 2.875
3.82 5.415
-0.18 -3.04
-0.015 1.64
7.015 4.755
-3.765 4.79
7.38 3.3
-0.7 -2.21
-5.91 4.105
2.88 3.34
7.18 5.555
0.785 0.41
-5.435 4.735
-0.045 -3.25
4.625 5.49
-4.185 2.475
7.215 3.055
-3.15 4.665
-1.435 -1.035
6.425 5.035
-5.21 2.985
0.495 -2.53
3.18 5.095
-5.765 4.45
7.15 5.355
1.39 -0.565
4.69 2.76
-4.86 4.74
7.455 2.98
0.255 -2.91
-5.88 3.595
7.005 4.105
-1.05 -0.015
-3.305 4.75
4.145 5.48
1.34 -1.18
0.04 -3.25
6.88 5.425
-5.935 3.94
6.505 3.365
-4.515 2.46
-1.07 -1.62
2.55 4.13
-5.165 4.805
7.34 3.39
-0.3 -2.85
5.21 5.36
-5.545 3.19
-2.83 3.765
7.1 5.6
0.79 -2.06
3.35 2.965
-5.545 4.67
5.295 2.965
-1.5 -0.93
7.085 5.075
-3.95 4.725
-0.015 -3.3
7.42 2.975
-5.88 4.215
3.655 5.36
-0.755 -2.12
-4.785 2.71
7.085 3.93
1.525 -0.78
-3.03 4.545
7.18 5.575
-5.75 3.37
0.32 -2.81
3.0 4.93
7.065 3.12
-0.75 0.47
-5.295 4.79
4.795 5.465
-0.46 -2.595
-5.92 3.78
7.47 3.11
1.12 -1.53
-4.35 2.29
7.175 5.48
-0.11 -3.15
-3.43 4.79
5.055 2.865
-5.82 4.36
6.955 4.315
-1.38 -0.54
2.725 4.56
0.615 -2.335
-4.695 4.655
4.395 5.495
7.1 5.15
-5.465 3.135
0.105 -3.15
7.495 3.03
-3.83 2.795
-0.175 1.39
5.71 5.095
-5.645 4.59
-1.195 -1.42
3.805 2.775
7.015 5.535
-2.86 4.21
0.975 -1.76
7.22 3.645
-5.8 3.44
3.355 5.215
-0.62 -2.335
-4.115 4.61
5.68 3.19
0.005 -3.305
-5.925 3.995
7.03 4.83
1.0 0.055
-5.115 2.93
7.295 3.02
4.045 5.465
-0.9 -1.89
-5.05 4.795
6.65 5.225
1.47 -0.97
-4.64 2.585
2.565 3.725
-0.22 -2.975
7.405 3.25
-3.67 4.805
5.43 5.265
-5.715 4.515
0.215 -2.975
7.12 5.61
-1.205 -0.26
-5.66 3.28
4.4 2.725
-3.31 3.14
6.925 3.18
-1.405 -1.085
-5.33 4.78
7.155 5.385
0.455 -2.595
3.06 4.995
-5.91 3.73
7.18 3.725
-2.945 4.42
1.19 -1.42
4.7 5.48
-0.075 -3.2
-4.395 2.33
7.435 3.18
-5.865 4.26
0.33 1.135
6.965 4.535
-0.34 -2.785
3.89 5.43
-4.545 4.53
7.18 5.525
-1.555 -0.825
-3.235 4.715
5.45 3.045
-5.85 3.52
0.07 -3.21
7.365 2.99
1.455 -0.67
-5.485 4.71
2.67 4.45
7.125 5.26
-1.005 -1.72
-5.28 3.025
4.955 5.43
0.655 -2.275
-5.905 4.125
6.32 3.445
-2.82 3.96
4.06 2.725
-0.525 -2.49
6.57 5.155
-5.255 4.795
7.475 2.995
-4.45 2.39
-0.025 -3.29
3.54 5.315
7.085 5.59
-3.56 4.805
1.39 -1.1
-5.935 3.895
-1.275 -1.29
7.3 3.475
0.04 1.59
4.205 5.49
-5.675 4.56
0.15 -3.08
6.935 5.47
-4.855 2.765
0.855 -1.955
2.5 3.895
7.485 3.08
-5.59 3.22
-3.895 4.75
5.51 5.225
-0.155 -3.08
6.99 4.65
-4.93 4.765
-0.83 0.345
4.85 2.8
-0.86 -1.955
-5.835 4.33
7.18 5.565
-3.025 3.39
7.125 3.095
0.39 -2.695
2.94 4.865
-5.905 3.67
1.12 -0.135
7.075 5.04
-4.13 2.545
0.02 -3.29
4.47 5.495
-3.085 4.61
7.1 3.89
-1.475 -0.695
-5.605 4.625
3.55 2.865
-0.395 -2.695
7.495 3.04
-5.73 3.35
5.185 5.37
0.945 -1.81
-4.775 4.7
7.175 5.455
-4.275 2.36
3.395 5.24
-0.675 -2.25
6.815 3.23
-5.895 4.18
1.44 -1.02
6.335 4.955
-3.4 4.78
-1.365 -1.145
3.005 3.22
-5.35 3.065
7.275 3.525
0.27 -2.885
-5.405 4.75
7.03 5.55
-0.47 0.92
3.695 5.375
-0.035 -3.265
-5.925 3.835
7.43 2.975
-2.905 4.34
5.11 2.885
0.745 -2.13
-4.98 2.85
6.85 5.395
-1.1 -1.57
-5.205 4.805
6.965 4.255
2.59 4.26
-0.195 -3.015
-5.795 4.4
5.905 3.38
0.655 0.61
-4.045 4.665
7.105 5.605
-4.585 2.53
1.55 -0.825
7.335 3.005
4.585 5.49
-5.875 3.575
0.09 -3.18
-1.525 -0.89
7.045 4.895
-3.49 3.015
2.84 4.74
0.56 -2.425
-5.92 4.06
7.375 3.315
-3.795 4.78
5.31 5.32
-0.78 -2.08
4.47 2.725
-5.08 4.795
7.14 5.33
1.31 -1.225
-5.77 3.4
0.03 -3.265
7.455 3.15
-2.82 3.845
3.93 5.44
-1.15 -0.175
-5.555 4.665
5.925 4.915
-0.475 -2.57
-4.335 2.295
7.18 5.495
2.7 3.55
-5.49 3.15
7.165 3.755
0.335 -2.785
-3.005 4.515
3.245 5.145
1.32 -0.455
-5.755 4.46
7.16 3.08
-0.255 -2.925
5.025 5.415
-5.925 3.975
-1.22 -1.38
7.11 5.18
-3.485 4.795
1.095 -1.57
7.45 2.98
0.17 1.39
-5.835 3.49
6.735 5.295
-0.06 -3.225
5.25 2.94
-4.655 4.625
-4.75 2.68
4.305 5.49
-0.94 -1.825
7.18 5.55
-5.455 4.725
6.67 3.295
0.19 -3.015
-3.735 2.86
4.13 2.725
-1.305 -0.43
7.005 4.715
-5.85 4.3
3.125 5.05
0.695 -2.21
-3.185 4.685
7.49 3.06
-5.155 2.955
-0.325 -2.81
6.995 4.125
-5.01 4.79
4.835 5.455
0.865 0.275
7.075 5.585
-5.925 3.8
-1.545 -0.85
2.52 4.005
-0.1 -3.16
7.245 3.585
-5.645 3.265
-2.865 3.635
5.585 3.125
1.0 -1.72
-3.73 4.795
7.165 5.425
-0.595 -2.375
3.78 5.4
-5.695 4.54
7.485 3.01
-4.38 2.315
1.485 -0.72
5.59 5.175
0.05 -3.235
-5.345 4.77
3.7 2.805
6.985 5.51
-5.895 3.64
0.47 -2.57
7.43 3.2
0.0 1.655
-4.265 4.45
-1.315 -1.225
3.475 5.28
6.955 4.375
-5.925 4.014
1.255 -1.315
-2.835 4.075
7.0 3.15
0.13 -3.115
-5.375 3.08
7.095 5.1
2.7 4.515
-1.035 -1.675
-4.885 4.75
4.63 2.75
-4.225 2.43
4.43 5.495
-0.135 -3.115
7.405 2.98
-5.81 4.375
6.79 5.345
-0.995 0.075
-3.33 4.755
-0.42 -2.655
6.17 3.485
-5.7 3.32
7.18 5.535
0.895 -1.89
-5.51 4.695
4.01 5.455
-1.435 -0.63
7.315 3.435
-4.67 2.61
-0.03 -3.275
5.27 5.335
-5.875 4.245
1.52 -0.89
7.06 3.98
-3.965 4.715
2.87 4.78
-0.74 -2.145
7.095 5.595
-3.155 3.26
7.255 3.04
-5.82 3.465
0.53 -2.475
4.935 2.825
-5.17 4.805
-0.375 1.065
7.07 4.995
0.23 -2.95
4.92 5.44
-4.91 2.805
-2.97 4.46
3.315 2.98
-1.485 -0.955
-5.935 3.92
6.615 5.195
0.025 -3.275
7.46 3.125
-5.635 4.6
1.24 -0.325
3.31 5.185
7.135 5.295
-4.48 2.43
-1.15 -1.49
-3.605 4.81
7.14 3.81
1.16 -1.465
4.185 5.48
-5.92 3.75
-0.27 -2.895
5.75 3.245
-4.805 4.715
5.8 5.025
0.375 -2.72
-5.225 2.995
7.415 3.23
2.535 3.79
-5.77 4.435
7.055 5.57
-0.82 -2.02
-3.11 4.63
-0.66 0.61
7.395 2.98
-5.57 3.205
4.66 5.48
-0.05 -3.24
-5.275 4.79
7.02 4.795
1.36 -1.145
-4.08 2.6
4.795 2.785
-0.51 -2.515
3.595 5.335
-5.905 4.14
7.18 5.505
0.815 -2.02
6.885 3.2
-2.875 4.255
-1.525 -0.775
2.63 4.36
-5.385 4.755
6.885 5.43
0.095 -3.16
-4.305 2.32
7.485 3.07
0.43 0.97
-5.89 3.615
5.37 5.295
0.59 -2.375
-4.075 4.64
6.43 3.4
3.875 2.76
-0.175 -3.05
-5.73 4.495
6.975 4.58
-3.535 4.805
1.4 -0.58
3.1 5.025
-5.45 3.125
7.34 3.38
-1.425 -1.045
7.15 5.375
0.29 -2.855
-5.115 4.805
5.105 5.395
-0.095 1.52
-5.935 3.88
7.195 3.69
-0.555 -2.44
-2.96 3.47
7.005 5.53
-5.085 2.915
5.425 3.03
0.035 -3.255
3.855 5.425
-5.58 4.645
1.54 -0.85
7.32 3.015
-3.21 4.7
-0.915 -1.865
6.455 5.055
-5.81 3.45
2.78 3.455
-1.345 -0.485
-4.41 2.35
7.18 5.52
-0.355 -2.76
4.55 5.49
-5.89 4.195
7.185 3.07
1.055 -1.635
-3.825 4.77
2.775 4.64
-0.085 -3.185
7.035 4.865
-4.955 4.77
4.29 2.72
-5.715 3.335
-1.29 -1.265
7.39 3.285
-3.58 2.96
0.68 -2.235
5.665 5.13
-5.92 4.07
7.125 5.25
0.17 -3.05
3.195 5.105
-4.82 2.735
1.065 -0.045
7.41 2.98
-3.375 4.77
7.09 5.59
-1.11 -0.11
-5.525 4.685
7.02 4.06
-0.69 -2.225
4.085 5.47
-5.865 3.55
0.4 -2.68
5.03 2.855
-4.475 4.445
1.215 -1.38
7.445 3.165
-2.845 4.125
2.535 4.065
-0.035 -3.26
-5.84 4.315
6.96 5.49
-4.36 2.295
6.63 3.31
-1.545 -0.815
4.76 5.47
-5.615 3.245
1.485 -0.945
6.955 4.45
-5.22 4.795
-0.245 -2.935
3.725 5.385
-3.7 4.795
7.175 5.465
-1.09 -1.585
-5.91 3.7
7.285 3.5
0.095 1.505
0.055 -3.225
4.525 2.735
-5.685 4.55
7.485 3.065
-3.915 2.735
6.095 4.835
0.765 -2.095
-3.04 4.555
2.975 4.905
7.1 5.13
-4.56 2.51
-0.38 -2.72
-4.845 4.735
3.46 2.905
0.745 0.47
7.03 3.135
-5.925 3.955
-0.835 -1.995
6.71 5.28
4.36 5.495
-5.52 3.17
0.305 -2.83
-5.44 4.735
7.115 3.86
-0.94 0.16
5.45 5.255
-0.115 -3.135
-5.785 4.415
7.07 5.58
-2.845 3.695
7.355 3.0
1.52 -0.775
-4.155 4.57
3.43 5.255
-1.25 -1.33
5.35 2.99
-5.25 3.01
0.51 -2.505
7.165 5.44
-5.925 3.815
2.62 3.645
0.11 -3.135
-3.29 4.74
7.475 3.095
-1.505 -0.915
4.99 5.425
-5.31 4.78
0.91 -1.865
7.055 4.94
-4.7 2.64
-0.605 -2.36
7.23 3.615
-5.765 3.39
4.23 5.49
-0.255 1.265
-5.855 4.275
6.005 3.445
-0.04 -3.255
6.825 5.375
-2.9 4.32
1.27 -1.29
2.91 4.825
-4.72 4.67
7.28 3.03
-4.265 2.375
-0.295 -2.855
6.975 4.235
-5.62 4.61
4.19 2.72
-1.405 -0.58
7.045 5.565
-3.46 4.79
0.21 -2.985
3.64 5.355
-5.855 3.535
1.28 -0.39
7.365 3.335
-5.03 2.885
-0.97 -1.77
7.15 5.35
2.575 4.2
-5.91 4.085
0.03 -3.26
5.53 5.215
-5.03 4.79
5.535 3.095
-3.235 3.195
1.42 -1.045
7.385 2.985
-3.87 4.755
0.6 -2.36
6.995 4.685
-5.41 3.1
3.1 3.135
-1.38 -1.115
4.71 5.48
-5.745 4.475
7.175 5.485
-0.155 -3.075
6.8 3.24
-4.445 2.385
-0.715 -2.185
3.27 5.16
-5.92 3.765
0.505 0.85
6.4 5.01
-5.145 4.805
0.35 -2.76
7.48 3.085
-2.985 4.485
-1.245 -0.325
7.11 5.2
-5.67 3.29
4.715 2.765
1.04 -1.66
3.96 5.45
-5.88 4.22
-0.075 -3.205
7.095 3.11
-3.645 4.805
5.135 5.385
-0.455 -2.6
-4.014 2.655
6.92 5.455
-5.47 4.715
1.43 -0.63
2.75 4.6
7.075 3.945
-1.155 -1.48
-2.82 3.905
7.405 3.255
-5.88 3.59
0.085 -3.185
3.63 2.83
-4.89 2.79
7.07 5.015
0.83 -1.995
-4.595 4.57
4.52 5.495
-0.045 1.59
-5.825 4.345
7.035 5.55
-0.215 -2.985
5.16 2.905
-1.555 -0.84
-3.165 4.67
7.31 3.455
-5.935 3.91
3.03 4.96
0.425 -2.64
-5.37 4.765
6.56 5.145
-0.875 -1.93
7.455 3.14
-4.33 2.3
0.935 0.16
4.135 5.48
-4.014 4.685
7.155 5.415
0.15 -3.075
-5.31 3.045
6.545 3.35
-5.655 4.58
1.125 -1.52
5.725 5.09
-0.54 0.8
-5.785 3.42
7.37 2.99
-0.54 -2.465
2.5 3.94
6.955 4.49
-4.605 2.555
-0.055 -3.235
3.525 5.305
-5.92 4.04
7.175 5.475
-1.45 -1.005
-4.975 4.78
1.54 -0.815
4.865 5.45
-2.92 3.53
7.15 3.785
0.71 -2.185
-3.755 4.79
4.375 2.72
-5.565 4.655
7.235 3.045
0.045 -3.24
7.14 5.31
-5.905 3.675
-1.05 -1.65
5.695 3.205
-3.07 4.59
3.795 5.41
0.25 -2.925
-4.17 2.5
7.06 5.57
-5.895 4.17
1.325 -1.195
6.945 3.175
-1.49 -0.72
5.245 5.345
-5.19 4.805
-0.43 -2.64
2.91 3.31
-5.555 3.195
7.47 3.105
6.76 5.32
-3.4 3.08
-0.645 -2.295
2.815 4.705
-3.355 4.765
7.03 4.82
-5.125 2.94
0.545 -2.45
-0.845 0.315
7.255 3.565
-5.715 4.51
4.025 2.735
-0.14 -3.1
4.385 5.495
-5.84 3.505
1.175 -0.22
6.995 5.52
-4.76 4.695
-1.33 -1.195
7.42 3.215
-2.83 4.02
3.375 5.225
0.95 -1.8
6.975 4.205
-5.925 3.85
0.07 -3.2
-4.37 2.305
4.985 2.84
5.055 5.41
-5.42 4.74
7.085 5.065
1.46 -0.98
-3.925 4.735
7.33 3.005
-0.765 -2.105
-5.78 4.425
2.6 4.28
-0.31 -2.835
7.17 5.45
-4.945 2.83
0.25 1.265
5.845 4.985
-2.93 4.39
-0.045 -3.245
7.335 3.4
-5.625 3.25
-1.275 -0.375
4.06 5.465
-5.1 4.805
5.495 3.07
0.45 -2.6
6.87 5.415
-5.91 4.11
-1.21 -1.395
3.15 5.075
-3.515 4.795
6.73 3.27
1.2 -1.405
-4.52 2.47
6.98 4.61
0.135 -3.1
-5.91 3.715
7.38 2.99
3.245 3.03
-5.26 4.795
5.4 5.28
-0.195 -3.01
0.01 1.64
7.135 5.28
-5.74 3.365
0.87 -1.93
-3.27 4.735
7.215 3.655
-1.53 -0.875
4.615 5.49
-5.67 4.565
4.58 2.745
-4.73 2.665
-0.495 -2.535
7.04 5.555
1.375 -0.54
7.465 3.115
-5.875 4.235
-3.665 2.905
0.04 -3.245
3.615 5.345
7.035 4.025
-4.21 4.515
-0.955 -1.8
2.51 3.845
-5.435 3.12
6.665 5.235
0.64 -2.295
-4.91 4.755
7.135 3.095
-1.07 -0.045
4.805 5.465
-5.935 3.935
0.27 -2.89
7.155 5.395
-2.85 4.165
5.23 2.935
1.5 -0.915
-5.59 4.635
2.695 4.5
-0.1 -3.165
7.375 3.32
-4.295 2.335
6.95 5.48
-3.68 4.805
-1.13 -1.52
-5.89 3.625
4.275 5.49
6.955 4.335
-0.58 -2.4
-5.815 4.365
5.84 3.325
-0.725 0.505
-5.185 2.975
7.29 3.02
0.19 -3.01
3.215 5.12
-3.085 3.33
7.1 5.16
1.085 -1.585
-5.325 4.78
5.63 5.155
-1.465 -0.98
-3.13 4.645
3.77 2.785
-0.065 -3.215
7.45 3.155
-5.815 3.46
7.055 4.92
-4.64 4.615
1.375 -1.115
3.75 5.395
-0.335 -2.795
-5.925 4.0
7.02 5.535
-4.405 2.34
0.575 0.735
7.18 3.715
0.49 -2.535
-5.515 4.69
2.95 4.875
6.4 3.415
-1.505 -0.75
-3.425 4.79
6.25 4.88
-5.505 3.165
-0.79 -2.065
4.755 2.775
7.165 5.43
-2.83 3.785
0.06 -3.215
-5.75 4.47
7.36 2.995
0.75 -2.12
5.2 5.36
-4.795 2.72
3.92 5.44
1.55 -0.84
-5.055 4.795
7.295 3.485
-0.3 1.185
-5.92 3.785
-0.275 -2.88
7.015 4.745
-3.99 4.7
2.56 4.155
0.33 -2.795
4.46 5.495
-5.685 3.31
7.435 3.185
-1.265 -1.305
-3.85 2.78
7.115 5.235
-5.845 4.305
4.24 2.72
-0.125 -3.125
-2.955 4.435
6.85 3.215
1.015 0.035
6.495 5.09
-5.39 4.755
-1.365 -0.52
3.07 5.0
-4.49 2.44
6.975 5.5
0.985 -1.745
-5.865 3.565
7.205 3.06
0.12 -3.125
-3.57 4.805
4.91 5.44
-1.01 -1.705
7.095 3.905
-5.895 4.15
2.975 3.245
-0.63 -2.32
-5.06 2.9
7.165 5.445
1.48 -0.71
-4.825 4.725
3.495 5.29
5.31 2.975
0.575 -2.4
-5.64 4.595
7.395 3.27
-5.36 3.07
-0.18 -3.035
5.48 5.24
-0.115 1.48
-3.775 4.79
6.81 5.36
-1.405 -1.075
7.46 3.12
-4.34 2.295
2.645 4.395
-0.385 -2.715
-5.935 3.89
7.06 4.965
1.285 -1.265
-5.24 4.795
4.25 5.49
0.09 -3.175
-3.025 4.54
7.055 3.125
-5.78 3.41
7.025 5.54
4.9 2.815
-0.89 -1.9
-5.8 4.385
6.99 4.145
-1.165 -0.2
3.335 5.2
0.41 -2.67
-3.225 4.71
3.39 2.94
-4.205 2.46
7.15 5.36
-0.06 -3.22
-5.49 4.705
7.35 3.0
1.205 -0.27
-5.595 3.225
5.08 5.4
0.785 -2.065
-4.125 4.6
5.665 3.18
6.965 4.52
-5.92 4.025
-1.53 -0.79
2.86 4.77
0.175 -3.035
-2.89 3.585
7.35 3.365
-5.005 4.79
6.9 5.44
1.145 -1.49
-4.615 2.565
4.0 5.455
-0.67 -2.255
-5.895 3.66
7.095 5.12
2.58 3.7
-2.88 4.27
7.27 3.535
-0.08 -3.19
-5.69 4.545
4.69 5.48
-1.18 -1.435
6.21 3.48
-5.29 3.03
