capE: 8.56445798927941
constant: 0.606522572475426
9.98 -3.405
-11.25 3.125
13.035 3.685
-11.25 -3.125
0.215 3.37
14.05 -3.405
-1.235 -2.915
-8.755 3.125
13.49 0.59
-8.75 -3.125
7.185 3.685
6.04 -3.405
-10.47 0.045
13.86 -1.985
-11.25 2.19
13.185 2.7
-11.25 -2.19
1.175 -2.68
13.33 -3.405
-1.465 2.755
-10.13 -3.125
7.9 2.275
-10.175 3.125
13.665 -0.645
1.49 2.93
12.765 3.425
-10.845 -3.125
6.75 -3.405
-11.25 2.76
13.995 -2.945
-1.96 -2.335
13.325 1.74
-8.755 2.19
10.49 -2.75
-8.75 -2.195
6.975 3.18
0.01 -3.065
-11.25 -2.66
13.105 3.26
-10.8 3.125
13.775 -3.405
-0.755 3.235
-10.47 -0.91
13.76 -1.315
6.315 -1.45
-9.395 3.125
12.89 3.685
-9.37 -3.125
-1.78 1.36
13.94 -2.56
-10.47 1.12
11.985 1.835
1.86 -1.665
-11.25 -2.965
10.175 -3.39
0.94 3.235
-11.11 3.125
13.405 1.165
7.055 3.685
-0.63 -3.05
14.035 -3.255
-11.25 2.425
-10.495 -3.125
6.39 -3.405
13.24 2.315
-9.005 3.125
13.585 -0.08
-8.985 -3.125
-0.315 3.34
13.51 -3.405
-11.25 -2.375
6.765 1.725
13.065 3.55
-10.47 0.575
-1.755 -2.665
9.52 -2.545
-10.495 3.125
13.815 -1.7
-1.74 2.245
-11.115 -3.125
7.475 3.125
12.52 2.93
-11.25 2.985
0.6 -2.955
13.96 -3.405
-10.47 -1.48
6.845 -2.79
-9.75 3.125
13.145 2.985
1.53 2.335
-9.73 -3.125
13.245 -2.83
-1.92 -1.875
13.545 0.205
-11.035 2.19
9.82 -3.145
-8.75 -2.775
7.285 3.505
-1.095 3.07
12.965 3.685
-10.47 -0.42
13.9 -2.28
-11.25 -2.825
6.08 -3.095
-8.845 3.125
13.365 1.45
1.545 -2.325
-11.25 3.075
14.02 -3.135
0.555 3.33
-11.055 -2.19
8.545 0.975
13.705 -0.93
-10.47 1.615
-0.93 -2.995
13.075 3.435
-11.205 -3.125
10.86 -2.01
-11.25 2.595
13.3 -3.23
-1.425 0.65
-8.75 -3.015
13.285 2.025
6.905 2.685
-9.96 3.125
6.6 -3.405
-9.535 -0.15
14.05 -3.36
1.27 3.095
-10.67 -3.125
12.85 3.59
0.325 -3.02
-10.965 3.125
10.285 -3.175
13.625 -0.355
-9.93 -3.125
7.025 3.56
-9.185 3.125
12.3 2.48
-1.615 2.535
13.97 -2.755
-11.25 -2.505
-1.535 -2.79
-11.25 2.275
13.445 0.875
6.18 -2.425
-0.015 3.37
13.645 -3.405
-10.47 0.31
13.05 3.645
-9.175 -3.125
1.79 -0.59
-8.985 2.19
13.79 -1.505
-11.25 -3.06
7.655 2.765
10.08 -3.405
-11.2 3.125
13.215 2.505
-0.315 -3.065
-10.47 -1.185
6.155 -3.405
-0.575 3.29
13.88 -3.405
-10.64 3.125
12.67 3.235
-10.98 -3.125
6.575 0.37
-8.75 -2.46
13.87 -2.125
-8.785 3.125
11.505 0.865
-1.89 -2.545
7.12 3.685
-11.25 -2.25
13.395 -3.405
-11.25 2.87
1.545 2.735
13.12 3.14
0.915 -2.83
-10.47 0.865
13.515 0.395
-1.81 1.875
-10.315 -3.125
9.71 -2.925
-9.575 3.125
14.025 -3.405
12.92 3.685
-8.835 -3.125
6.79 -3.185
-1.29 2.93
-11.19 2.19
13.735 -1.125
7.365 3.34
-11.25 -2.745
13.295 1.895
-10.335 3.125
1.72 -2.05
14.01 -3.04
-10.47 -0.645
0.75 3.29
9.135 -1.775
-9.555 -3.125
13.16 2.86
-1.96 -2.08
-11.045 3.125
13.18 -2.335
8.16 1.74
-11.25 -3.105
9.93 -3.365
-9.535 1.175
13.01 3.685
-0.48 -3.065
13.925 -2.465
-8.925 3.125
-0.92 3.165
-10.47 -1.87
13.42 1.035
6.055 -3.3
-11.25 2.515
13.315 -3.335
7.23 3.615
-11.19 -2.19
13.64 -0.485
1.12 3.165
-11.25 3.11
-1.385 -2.86
13.09 3.355
-10.76 -3.125
14.05 -3.33
-9.535 -1.02
6.94 -2.075
12.41 2.7
-9.29 3.125
1.335 -2.545
-8.75 -2.91
10.38 -2.97
-1.67 1.03
13.35 1.55
-10.47 1.37
6.85 2.3
13.83 -1.82
-11.055 -3.125
-0.175 3.355
-11.25 2.685
12.82 3.535
13.71 -3.405
-10.47 -0.175
0.145 -3.05
6.69 -3.405
-10.065 3.125
13.555 0.07
-10.03 -3.125
7.0 3.37
13.98 -2.85
-11.25 -2.9
0.38 3.355
13.255 2.21
-10.88 3.125
10.215 -3.31
-1.73 -1.82
-8.825 2.19
13.05 3.605
-9.08 -3.125
13.695 -0.835
1.2 0.125
-11.25 2.34
6.265 -3.405
14.05 -3.39
-11.25 -2.44
7.04 3.66
-1.685 2.395
12.615 3.125
-11.25 2.935
-1.095 -2.955
13.275 -3.035
-10.41 -3.125
11.215 -1.285
-9.085 3.125
1.405 3.015
13.46 0.745
-8.75 -2.31
7.76 2.55
0.76 -2.9
-10.47 0.445
12.875 3.66
13.955 -2.66
-11.17 -3.125
-10.42 3.125
10.655 -2.42
-1.18 3.015
13.2 2.605
-8.78 -3.125
6.125 -2.81
-10.805 2.19
13.57 -3.405
-11.25 -2.305
12.135 2.135
-1.93 -2.46
6.45 -0.495
-11.165 3.125
13.775 -1.41
-0.465 3.315
-8.765 3.125
9.89 -3.285
-9.64 -3.125
13.13 3.07
14.02 -3.195
-10.47 -0.78
6.945 2.975
-0.155 -3.065
-11.25 -3.015
13.6 -0.2
-9.845 3.125
1.545 2.53
13.065 3.505
-11.25 2.215
6.775 -3.295
13.92 -3.405
-1.81 1.64
-10.85 -2.19
13.38 1.325
-9.535 0.53
7.2 3.67
1.9 -1.26
13.915 -2.37
-11.25 3.035
-10.59 -3.125
8.915 0.22
-1.645 -2.735
13.035 3.675
-9.28 -3.125
13.355 -3.405
-10.715 3.125
6.075 -3.405
0.105 3.37
10.145 -3.405
-11.25 -2.59
13.27 2.125
-9.49 3.125
13.72 -1.025
1.065 -2.75
-10.47 0.735
7.545 2.985
-1.55 2.645
-11.235 -3.125
12.725 3.34
14.0 -3.405
-8.75 -2.625
-0.805 -3.02
13.5 0.495
-11.25 2.815
13.845 -1.895
0.845 3.26
-10.47 -0.295
9.355 -2.215
-8.88 3.125
13.175 2.795
-10.915 -3.125
6.685 1.15
-0.945 0.25
13.45 -3.405
-11.235 3.125
11.765 1.385
-8.9 -3.125
6.495 -3.405
-10.47 1.85
12.94 3.685
0.445 -2.995
-11.25 -2.21
14.01 -3.08
7.015 3.465
-1.0 3.125
-9.225 2.19
13.805 -1.605
-10.22 -3.125
13.335 1.645
-1.96 -2.21
10.025 -3.405
-11.25 2.47
1.53 2.85
-10.47 -1.33
13.105 3.215
13.825 -3.405
-10.255 3.125
6.235 -2.04
7.325 3.425
-11.25 -2.865
13.655 -0.555
-1.78 2.08
-9.83 -3.125
13.23 2.41
-9.665 3.125
1.445 -2.435
13.22 -2.64
-10.47 0.165
8.02 2.015
10.325 -3.09
-11.005 3.125
12.99 3.685
-8.75 -3.085
0.48 3.34
14.035 -3.29
-1.81 -2.625
-11.13 2.19
13.53 0.3
-11.25 -3.085
6.815 -2.98
-8.81 3.125
13.885 -2.19
7.085 3.685
-9.535 -1.56
12.56 3.015
-0.67 3.26
-0.725 -3.035
-11.135 -2.19
9.63 -2.76
-10.575 3.125
13.435 0.97
6.04 -3.385
-9.46 -3.125
13.97 -2.8
1.405 2.21
-11.25 2.64
12.795 3.48
-11.25 -2.7
13.33 -3.38
-1.37 2.85
-10.47 1.235
13.75 -1.22
1.805 -1.86
12.22 2.315
-8.78 2.19
7.42 3.235
-11.02 -3.125
14.04 -3.405
-0.07 -3.065
-11.25 3.095
13.05 3.63
-8.91 -2.19
6.76 -3.38
1.215 3.125
10.57 -2.585
-9.135 3.125
13.31 1.83
-10.47 -1.045
-1.45 -2.83
13.61 -0.275
-11.235 2.19
8.325 1.41
-10.715 -3.125
13.29 -3.13
-1.74 1.195
13.075 3.4
-11.14 3.125
9.96 -3.405
-0.1 3.355
-11.25 -2.545
7.155 3.685
13.995 -2.985
-9.535 -0.53
0.68 -2.925
13.145 2.93
-9.905 3.125
6.07 -3.19
-9.03 -3.125
13.68 -0.74
-1.945 -1.945
-11.25 -3.12
13.61 -3.405
6.82 2.085
-11.25 2.905
12.9 3.685
-10.47 0.985
13.39 1.255
0.625 3.315
-10.08 -3.125
13.86 -2.05
-8.965 3.125
6.885 -2.475
-1.03 -2.97
11.19 0.22
-10.47 -0.07
14.05 -3.375
-0.82 3.205
-11.23 -2.19
12.465 2.81
-10.84 3.125
10.24 -3.255
1.885 -0.945
-8.75 -2.965
7.04 3.62
13.475 0.68
-11.25 2.38
13.94 -2.605
-11.145 -3.125
0.24 -3.035
12.865 3.615
-9.34 3.125
6.325 -3.405
-1.795 1.99
13.11 -1.83
-10.47 -1.66
7.6 2.875
-9.535 1.595
13.745 -3.405
1.05 3.19
-10.54 -3.125
13.2 2.56
-11.22 3.125
9.78 -3.065
1.285 -2.6
13.57 0.01
-11.25 -2.935
13.025 3.685
-10.12 3.125
-1.945 -2.415
14.035 -3.235
-0.395 3.33
-8.75 -3.11
6.93 2.855
-10.47 -0.53
13.285 1.97
6.385 -0.975
-11.25 2.725
13.815 -1.75
-8.76 3.125
-0.4 -3.065
13.09 3.31
-11.25 -2.34
13.315 -3.295
-1.505 2.7
-9.78 -3.125
8.875 -1.255
-11.25 2.245
7.255 3.56
6.55 -3.405
13.98 -3.405
-8.75 -2.545
1.445 2.975
11.89 1.645
-10.755 3.125
-10.88 -3.125
13.065 3.53
10.16 -3.405
-1.3 -2.885
-10.47 1.49
13.915 -2.415
-1.55 0.815
13.365 1.395
-11.25 -2.785
-11.25 3.01
1.655 -2.175
13.72 -1.07
0.295 3.355
-9.23 -3.125
12.7 3.29
-8.89 2.19
10.75 -2.23
6.11 -2.935
-9.535 0.215
13.48 -3.405
6.985 3.275
-9.62 3.125
-11.25 -3.04
13.175 2.75
-1.235 2.975
13.98 -2.895
-1.71 -2.695
-11.075 3.125
13.545 0.15
-10.36 -3.125
7.83 2.41
0.86 -2.86
-10.47 0.65
9.865 -3.23
12.875 3.645
-10.965 -2.19
13.855 -3.405
-10.38 3.125
1.545 2.635
6.115 -3.405
13.24 2.27
-9.505 -3.125
-9.045 3.125
13.79 -1.55
-1.865 -1.82
7.215 3.645
-11.25 2.555
13.625 -0.415
-11.22 -3.125
-1.66 2.45
14.05 -3.4
13.12 3.165
-10.47 -0.975
6.63 0.765
1.545 -0.19
-10.94 2.19
10.435 -2.86
-8.75 -2.84
13.445 0.82
0.045 3.37
-11.25 -2.41
6.725 -3.405
13.035 3.66
-11.25 3.12
-0.235 -3.065
13.955 -2.7
-8.825 3.125
12.355 2.59
-10.47 0.235
13.34 -3.405
6.875 2.495
-10.8 -3.125
-1.795 1.505
11.01 -1.695
-8.75 -2.235
-10.535 3.125
14.02 -3.16
1.335 3.055
0.5 -2.98
13.325 1.695
-11.25 -2.625
6.15 -2.615
-11.25 2.305
13.065 3.475
7.065 3.685
-8.865 -3.125
13.885 -2.23
-9.24 3.125
-0.875 -3.01
10.11 -3.405
-0.52 3.3
13.68 -0.785
-11.085 -3.125
-10.925 3.125
13.13 3.03
-1.85 -2.585
13.26 -2.925
-9.975 -3.125
8.42 1.22
-9.535 0.86
13.405 1.11
6.21 -3.405
-11.25 2.84
-1.055 3.095
14.05 -3.345
-11.25 -2.23
12.955 3.685
-10.01 3.125
7.39 3.29
0.995 -2.79
-10.47 -0.36
13.75 -1.265
0.695 3.3
9.45 -2.405
-10.265 -3.125
13.215 2.455
-11.25 3.055
13.675 -3.405
-0.465 -0.01
-11.25 -2.99
6.805 -3.09
12.645 3.18
-8.775 3.125
13.585 -0.13
-9.125 -3.125
-0.565 -3.05
7.025 3.52
-11.25 2.2
13.845 -1.935
-10.47 -1.565
9.945 -3.39
-1.41 2.81
12.835 3.56
-9.445 3.125
13.94 -3.405
1.885 -1.5
-10.47 1.05
11.645 1.135
-11.245 -3.125
1.545 2.415
13.5 0.45
-8.76 -3.125
6.275 -1.74
-10.675 3.125
13.42 -3.405
-1.59 -2.76
7.705 2.66
-10.47 -0.71
13.05 3.585
-0.25 3.34
-10.63 -3.125
13.925 -2.51
-11.25 2.96
13.27 2.085
6.055 -3.345
-8.765 2.19
-1.96 -2.145
10.2 -3.335
-11.25 -2.28
6.725 1.44
14.01 -3.06
-9.795 3.125
0.98 3.22
13.16 2.89
-9.68 -3.125
-1.755 2.19
13.775 -1.45
-10.47 1.73
7.17 3.685
0.085 -3.05
-10.95 -3.125
12.08 2.025
-11.185 3.125
14.015 -3.405
12.89 3.68
-9.535 -1.275
6.645 -3.405
-10.47 0.385
13.655 -0.6
1.6 -2.255
-11.25 -2.475
9.67 -2.845
-0.885 3.18
-11.25 2.45
13.35 1.505
13.54 -3.405
-8.75 -2.7
6.96 3.07
-8.9 3.125
-1.18 -2.925
13.03 3.685
13.205 -2.515
-11.185 -3.125
-10.29 3.125
0.165 3.37
13.49 0.55
7.01 -1.57
-9.33 -3.125
-1.22 0.455
12.755 3.395
-11.25 2.785
14.035 -3.275
-10.695 -2.19
10.35 -3.035
7.97 2.125
-11.09 2.19
1.23 -2.64
13.9 -2.32
1.515 2.89
-11.25 -2.805
13.185 2.655
-10.47 -0.015
6.44 -3.405
-1.81 1.76
-11.245 3.125
13.3 -3.19
7.04 3.645
-8.94 -3.125
13.09 3.335
-1.92 -2.49
-9.53 3.125
13.695 -0.885
-10.45 -3.125
13.435 0.93
0.39 -3.01
-9.085 2.19
13.8 -3.405
7.5 3.07
-11.245 -2.19
9.92 -3.335
-0.63 3.275
-10.985 3.125
12.495 2.865
-10.47 -1.255
13.805 -1.65
6.05 -3.405
-8.75 -2.38
0.805 3.275
13.23 2.365
-8.795 3.125
13.98 -2.87
-11.25 -3.075
8.72 0.605
-11.215 2.19
-1.485 -1.96
12.98 3.685
6.86 -2.665
-9.88 -3.125
13.53 0.255
-1.575 2.605
-10.46 3.125
14.045 -3.405
-10.47 0.8
7.295 3.48
-0.68 -3.035
10.53 -2.665
-11.25 -2.72
13.31 1.795
-11.25 2.62
13.375 -3.405
1.49 2.25
-8.75 -3.055
13.075 3.45
1.76 -1.955
-9.11 3.125
13.87 -2.08
-10.175 -3.125
6.505 -0.11
0.43 3.34
-11.095 3.125
13.61 -0.31
6.76 -3.345
-10.47 -0.23
12.59 3.07
-1.48 -2.815
-11.04 -3.125
14.01 -3.11
7.105 3.685
-10.21 3.125
10.05 -3.405
-1.33 2.89
13.12 3.105
-9.535 -0.745
0.555 -2.97
13.15 -2.13
-11.1 -2.19
-10.65 2.19
13.39 1.215
9.245 -1.995
-9.415 -3.125
12.91 3.685
1.175 3.135
-11.25 3.085
13.9 -3.405
-1.96 -2.025
-11.25 -2.92
6.795 1.92
13.735 -1.165
-9.71 3.125
6.095 -3.015
-10.47 1.3
12.26 2.395
-1.71 2.33
13.97 -2.775
-8.805 -3.125
-0.355 -3.065
13.05 3.64
-11.25 2.36
7.015 3.42
-11.25 -3.115
10.255 -3.23
-8.945 3.125
13.33 -3.395
-0.205 3.355
13.57 -0.03
-10.47 -0.845
1.39 -2.49
13.255 2.17
-10.9 3.125
-11.25 -2.565
14.05 -3.335
8.105 1.85
0.76 0.385
-9.105 -2.19
10.93 -0.315
-9.535 1.38
12.81 3.505
-0.985 -2.98
6.295 -3.405
-10.74 -3.125
13.83 -1.795
-11.25 2.89
-1.135 3.04
7.24 3.59
9.755 -3.01
-10.47 0.51
13.335 1.6
-9.215 3.125
13.59 -3.405
-9.595 -3.125
1.545 2.78
13.105 3.24
-1.96 -2.285
-11.21 -2.19
13.94 -2.58
-10.61 3.125
6.205 -2.235
13.475 0.645
-1.615 0.925
-11.13 -3.125
7.445 3.18
-11.25 2.665
13.665 -0.69
0.82 -2.87
13.0 3.685
-8.8 2.19
14.05 -3.385
-10.47 -1.76
6.775 -3.25
0.335 3.355
-8.79 -2.19
10.185 -3.365
-11.21 3.125
13.16 2.825
-10.565 -3.125
13.235 -2.735
-0.795 3.22
-0.03 -3.065
-11.25 2.23
11.835 1.535
6.89 2.59
-8.77 3.125
13.995 -2.965
-11.25 -2.845
13.295 1.93
-1.795 -2.64
-10.47 -0.58
13.76 -1.355
6.07 -3.245
-9.935 3.125
13.05 3.565
-9.055 -3.125
1.365 3.04
13.725 -3.405
1.86 -0.795
-11.25 -2.355
10.805 -2.12
-11.25 3.02
7.055 3.675
13.42 1.07
-10.47 0.11
-1.81 1.57
12.78 3.45
-10.005 -3.125
9.575 -2.655
-1.34 -2.87
-10.78 3.125
13.315 -3.32
-0.36 3.33
-11.25 -3.03
13.555 0.11
7.625 2.82
-9.365 3.125
14.02 -3.215
-8.75 -2.875
6.76 -3.39
13.145 2.965
-11.25 2.495
1.105 -2.72
13.86 -2.01
-10.825 -3.125
0.885 3.245
-10.47 0.925
12.875 3.655
10.0 -3.405
-8.86 3.125
8.23 1.605
-10.47 -1.12
13.705 -0.975
0.2 -3.035
-1.63 2.505
12.385 2.645
-11.16 2.19
13.99 -3.405
-8.75 -3.12
7.14 3.685
-11.23 -3.125
6.095 -3.405
-10.095 3.125
13.38 1.355
-1.135 -2.94
13.915 -2.39
-11.125 3.125
13.035 3.68
-10.29 -3.125
-0.055 3.355
10.405 -2.915
-9.535 0.04
13.64 -0.45
-11.25 -2.2
6.355 -1.185
6.985 3.23
-1.815 -1.82
13.84 -3.405
-10.47 1.98
13.215 2.485
-0.975 3.135
-9.205 -3.125
1.5 -2.38
-11.25 3.115
13.29 -3.085
12.71 3.315
-11.25 -2.68
6.83 -2.885
-8.93 2.19
13.515 0.355
1.09 3.18
-11.0 -3.125
9.85 -3.2
-11.25 2.74
13.955 -2.68
-0.445 -3.065
7.335 3.395
-9.025 3.125
13.075 3.38
-10.47 -1.405
14.035 -3.31
-1.765 1.295
11.37 0.575
-9.805 -3.125
1.695 -0.395
-10.36 3.125
12.18 2.235
6.52 -3.405
-10.47 1.43
13.465 -3.405
-11.25 -2.46
12.93 3.685
-1.44 2.78
-1.905 -2.515
13.055 -1.435
-11.025 3.125
7.79 2.495
-8.75 -2.99
13.46 0.78
-11.25 -3.095
0.525 3.33
13.83 -1.855
-11.25 2.29
10.13 -3.405
13.185 2.68
-10.47 -0.125
0.72 -2.915
6.66 0.96
-9.82 3.125
14.035 -3.405
-10.385 -3.125
7.04 3.59
6.135 -2.71
-8.75 -2.505
13.05 3.62
-0.71 3.245
-11.25 2.95
13.995 -3.01
-1.615 -2.75
13.285 2.005
-11.01 -2.19
-8.8 3.125
13.6 -0.18
1.475 2.945
10.61 -2.5
-9.535 0.695
1.83 -1.76
-11.25 -2.95
13.885 -2.18
13.105 3.19
-10.695 3.125
6.185 -3.405
-1.765 2.135
-8.96 -3.125
13.63 -3.405
6.92 2.78
-11.245 2.19
-0.195 -3.065
12.535 2.96
-10.93 -3.125
9.2 -0.355
-9.465 3.125
13.79 -1.525
-10.47 -0.475
7.2 3.66
13.33 -3.36
0.135 3.37
-9.53 -3.125
12.895 3.685
-11.24 3.125
9.905 -3.31
-0.77 -3.02
-11.25 -2.265
13.24 2.24
-1.33 0.555
14.02 -3.175
-11.25 2.575
6.915 -2.27
-10.47 0.69
13.38 1.29
1.545 2.475
-11.16 -3.125
13.695 -0.855
-9.16 3.125
6.04 -3.395
13.065 3.54
-9.535 -1.84
-1.22 2.985
13.95 -3.405
-1.945 -2.38
-9.425 2.19
7.57 2.93
-10.105 -3.125
10.31 -3.12
12.025 1.92
-10.86 3.125
0.97 -2.805
13.925 -2.485
-11.25 -2.61
13.13 3.05
-8.82 -3.125
7.27 3.535
-10.15 3.125
6.67 -3.405
13.64 -0.52
-0.435 3.315
-11.25 2.405
13.275 -2.985
-10.69 -3.125
13.02 3.685
-1.275 -2.9
-9.535 -0.345
9.025 -1.555
1.31 3.07
14.05 -3.395
-11.25 3.065
13.325 1.72
-11.25 -2.88
0.29 -3.02
6.835 2.205
-8.835 3.125
13.75 -1.24
-1.81 1.825
-10.47 1.175
12.66 3.205
-8.75 -2.735
10.23 -3.285
13.97 -2.825
-11.165 -2.19
1.9 -1.38
13.49 0.525
-11.25 2.855
0.665 3.3
6.36 -3.405
-10.47 0.275
13.2 2.585
-1.93 -1.905
13.405 -3.405
-11.195 -3.125
7.0 3.33
-9.64 3.125
12.85 3.58
-9.305 -3.125
10.94 -1.845
-10.99 2.19
13.76 -3.405
-1.52 2.685
6.55 0.15
-10.47 -2.005
13.545 0.18
-8.76 2.19
-0.53 -3.05
13.815 -1.72
-10.515 3.125
7.075 3.685
-10.475 -3.125
13.09 3.29
1.68 -2.12
9.97 -3.405
-11.155 3.125
-0.14 3.355
14.035 -3.245
-11.25 -2.765
13.42 1.0
-8.75 -2.27
6.79 -3.14
-1.685 -2.705
-8.985 3.125
12.44 2.755
1.545 2.685
13.9 -2.295
-10.47 -0.745
7.925 2.205
-9.705 -3.125
13.065 3.49
-11.25 2.705
13.315 -3.265
-1.025 3.11
-11.1 -3.125
9.41 -2.325
13.23 2.39
-10.035 3.125
0.64 -2.94
6.08 -3.14
-11.25 -2.395
13.6 -0.235
-10.945 3.125
14.05 -3.365
-1.7 1.085
7.18 3.685
-8.75 -3.07
12.975 3.685
-10.47 1.555
1.01 3.205
13.72 -1.045
-11.24 -3.125
9.795 -3.09
-0.85 -3.01
-9.27 3.125
13.35 1.53
-11.25 2.26
13.525 -3.405
6.26 -1.88
-10.47 -1.08
13.175 2.775
-1.725 2.29
-9.905 -3.125
13.955 -2.725
6.96 3.025
-11.25 2.995
-1.865 -2.57
12.74 3.37
-10.47 0.48
6.74 -3.405
0.255 3.355
13.87 -3.405
-11.25 -2.525
8.625 0.81
-8.78 3.125
1.31 -2.57
13.46 0.715
-9.15 -3.125
13.87 -2.1
-11.23 3.125
13.035 3.67
-10.865 -3.125
-0.11 -3.065
10.175 -3.38
7.38 3.315
-9.535 1.02
1.275 2.25
13.295 1.865
-11.25 -3.0
14.01 -3.095
-10.31 3.125
-0.555 3.29
11.38 -0.955
-10.47 -0.325
6.055 -3.32
13.76 -1.385
-11.25 2.535
12.89 3.67
-8.885 -3.125
-1.96 -2.245
6.755 1.605
13.335 -3.405
-11.25 -2.22
-1.315 2.905
11.71 1.275
-8.855 2.19
10.46 -2.805
-10.2 -3.125
1.38 -0.025
13.585 -0.1
-11.06 3.125
7.025 3.54
14.01 -3.405
-9.875 3.125
-1.41 -2.845
13.075 3.42
-10.61 -3.125
6.165 -2.52
-10.88 2.19
13.27 2.105
1.42 3.0
13.19 -2.435
-8.75 -2.59
1.145 -2.695
-10.47 0.075
13.98 -2.92
7.735 2.605
-8.91 3.125
13.145 2.95
-11.25 -3.05
-1.795 1.945
10.065 -3.405
-11.25 2.8
13.665 -0.665
0.115 -3.05
-10.905 -2.19
12.33 2.535
0.015 3.37
13.69 -3.405
-10.735 3.125
6.465 -3.405
-9.435 -3.125
12.875 3.63
-9.535 -0.885
13.805 -1.625
7.04 3.655
-11.25 2.195
-0.755 0.14
13.405 1.14
-11.25 -2.32
9.605 -2.705
-9.55 3.125
-1.065 -2.955
13.94 -2.63
-0.85 3.19
-8.77 -3.125
13.045 3.645
6.425 -0.7
-11.07 -3.125
14.05 -3.35
-11.25 3.105
7.515 3.04
0.595 3.315
-10.47 0.835
13.515 0.33
6.235 -3.405
-10.47 -1.365
12.605 3.095
-1.62 -1.875
-9.065 3.125
13.845 -1.915
-11.25 -3.11
10.695 -2.335
1.57 -2.295
-10.59 3.125
13.12 3.125
13.365 -3.405
-8.76 -2.19
-1.59 2.575
7.215 3.635
-11.25 2.325
13.365 1.425
-11.25 -2.645
9.875 -3.255
-0.275 -3.065
1.24 3.11
13.91 -3.405
-9.535 1.825
12.82 3.525
-10.055 -3.125
6.805 -3.04
-11.25 2.92
13.625 -0.38
8.064 1.93
-10.78 -3.125
1.9 -1.1
-9.315 3.125
13.24 2.295
14.02 -3.145
-10.47 -0.615
-0.285 3.34
-1.56 -2.775
13.915 -2.44
-8.75 -2.94
6.865 2.395
-11.175 3.125
12.945 3.685
6.06 -3.405
-11.24 -2.19
13.445 0.85
-1.795 1.445
-10.47 1.085
10.27 -3.2
13.735 -1.145
-10.23 3.125
0.365 -3.01
-9.62 -3.125
13.555 -3.405
7.31 3.45
-8.815 3.125
13.175 2.725
-11.25 -2.975
1.53 2.82
11.945 1.755
-11.175 2.19
6.62 -3.405
-1.945 -1.985
14.03 -3.405
-10.515 -3.125
13.05 3.595
-1.26 2.945
-10.82 3.125
13.26 -2.88
-9.535 0.36
6.97 -1.87
-9.005 -3.125
13.555 0.04
0.78 3.275
-0.605 -3.05
12.685 3.26
-10.47 -1.61
9.945 -3.38
-9.73 3.125
13.885 -2.25
-10.965 -3.125
7.13 3.685
-11.25 3.045
13.335 1.625
0.885 -2.845
-10.47 0.35
13.81 -3.405
8.285 1.495
-0.61 3.275
-11.25 -2.735
13.09 3.345
-11.25 2.44
13.68 -0.76
-1.835 -2.6
9.3 -2.105
-9.03 2.19
-9.255 -3.125
13.3 -3.21
6.975 3.135
-1.48 0.715
13.015 3.685
-11.215 -3.125
-10.44 3.125
6.11 -2.905
14.01 -3.05
0.36 3.355
-10.47 -0.94
13.2 2.535
-8.87 3.125
10.155 -3.405
1.42 -2.46
-10.335 -3.125
13.775 -1.475
-11.25 2.65
13.475 0.62
1.515 2.295
-8.75 -3.1
7.86 2.355
14.035 -3.265
-11.25 -2.425
-1.67 2.425
13.16 2.875
-10.47 1.675
6.76 -3.32
-0.96 -2.98
-11.085 3.125
13.135 -2.01
12.165 2.2
-10.47 -0.1
7.06 3.685
-8.75 -2.415
13.435 -3.405
-9.42 3.125
12.905 3.685
0.53 -2.97
-11.25 -2.89
9.725 -2.955
-0.945 3.15
13.27 2.055
-11.225 2.19
13.925 -2.535
-9.855 -3.125
6.135 -3.405
1.145 3.15
-9.985 3.125
13.705 -0.95
-1.96 -2.315
7.435 3.205
-11.15 -2.19
13.97 -3.405
13.065 3.52
-11.25 2.975
1.87 -1.6
-11.25 -3.07
11.105 -1.5
-10.47 0.61
6.605 0.56
13.5 0.425
-1.81 1.7
-8.79 3.125
12.575 3.04
-8.75 -2.81
6.87 -2.585
13.66 -3.405
-11.225 3.125
0.045 -3.05
0.075 3.37
-10.65 -3.125
13.845 -1.96
13.31 1.77
-9.535 -1.405
10.365 -2.995
7.025 3.49
-10.655 3.125
-1.505 -2.805
13.105 3.25
-11.25 -2.49
14.05 -3.38
-1.385 2.835
-8.79 2.19
11.56 0.975
-11.065 2.19
6.71 -3.405
-9.39 -3.125
13.655 -0.575
1.545 2.585
12.795 3.465
-10.9 -3.125
13.995 -2.955
-11.25 2.77
1.02 -2.775
6.945 2.915
-10.47 -0.445
10.095 -3.405
-1.89 -1.85
13.435 0.95
-9.2 3.125
-10.78 -2.19
12.995 3.685
13.33 -3.4
-1.11 3.055
-8.92 -3.125
6.71 1.325
-10.915 3.125
13.805 -1.675
-1.21 -2.915
-11.18 -3.125
13.23 2.345
6.04 -3.4
-10.47 1.335
0.915 3.235
13.97 -2.765
7.23 3.605
-11.25 -2.195
-9.685 3.125
10.515 -2.695
13.13 3.01
-10.155 -3.125
1.735 -2.02
-11.25 2.39
14.035 -3.3
-0.495 3.3
13.39 1.235
-10.47 -1.22
6.19 -2.33
-11.25 3.1
13.05 3.635
-0.495 -3.065
13.75 -1.29
-11.25 -2.815
7.68 2.71
-8.955 3.125
9.835 -3.175
-1.11 0.36
-8.75 -3.035
13.57 -0.01
-10.47 0.195
13.495 -3.405
0.46 3.34
12.505 2.89
-10.4 3.125
6.415 -3.405
-11.25 -3.1
13.9 -2.345
-1.725 -2.68
12.865 3.605
-11.25 2.605
7.185 3.68
-9.755 -3.125
-1.78 2.045
13.93 -3.405
8.67 -0.83
-10.47 0.955
1.5 2.905
13.53 0.28
-8.845 -2.19
-11.015 3.125
13.255 2.19
0.79 -2.885
10.01 -3.405
-11.25 -2.29
13.245 -2.785
-9.15 2.19
8.475 1.11
-10.43 -3.125
13.12 3.155
-1.48 2.725
-0.705 -3.035
13.87 -2.15
-11.25 2.21
7.35 3.37
-11.03 -3.125
6.07 -3.215
-9.595 3.125
13.785 -3.405
12.925 3.685
-9.1 -3.125
0.97 0.275
13.35 1.475
-11.195 3.125
0.195 3.37
9.495 -2.49
-10.47 -0.815
13.61 -0.33
-1.96 -2.115
-9.1 3.125
14.05 -3.34
-11.25 -2.58
12.275 2.425
6.81 2.01
-11.25 2.83
6.575 -3.405
-0.735 3.235
13.3 -3.16
-9.535 -0.245
13.075 3.445
-8.79 -3.125
1.2 -2.655
7.04 3.635
-10.19 3.125
13.72 -1.095
-11.135 -3.125
10.295 -3.145
13.185 2.63
-10.47 -0.26
-0.13 -3.065
13.98 -2.86
-10.74 2.19
1.38 3.025
-9.955 -3.125
6.3 -1.57
13.035 3.665
-8.85 3.125
13.83 -1.835
-1.725 1.155
-11.25 -2.91
13.42 1.055
-10.555 3.125
14.02 -3.405
-1.93 -2.44
7.53 3.015
-10.47 -1.81
11.275 0.385
-0.34 3.33
-11.25 2.485
6.775 -3.22
12.765 3.415
-8.75 -2.665
13.315 -3.33
0.42 -2.995
-11.25 3.03
13.295 1.915
-11.25 -2.24
10.185 -3.35
-1.7 2.355
-9.535 1.28
14.02 -3.185
7.095 3.685
-10.81 -3.125
1.83 -0.7
13.64 -0.465
-9.775 3.125
12.88 3.66
-9.485 -3.125
0.725 3.29
10.72 -2.285
-10.47 0.765
6.095 -3.05
-0.905 -2.995
13.955 -2.67
-11.225 -3.125
12.63 3.15
-11.135 3.125
13.49 0.575
-8.77 2.19
6.905 2.645
1.625 -2.215
-10.245 -3.125
13.6 -3.405
-1.19 3.0
13.16 2.84
-11.25 2.315
13.79 -1.575
-11.08 -2.19
6.48 -0.3
-8.805 3.125
9.93 -3.355
-1.765 -2.655
13.065 3.545
-8.755 -3.125
1.46 2.225
-10.77 3.125
13.995 -3.025
7.0 3.355
-11.25 -2.69
12.055 1.975
-10.47 0.015
6.76 -3.365
13.68 -0.81
-11.25 2.88
-0.12 3.355
0.22 -3.035
13.89 -3.405
-11.25 -3.02
13.215 2.435
-9.38 3.125
8.805 0.44
-8.75 -2.345
13.86 -2.03
-1.13 -2.135
-10.47 1.79
13.005 3.685
6.055 -3.365
-10.47 -1.445
1.07 3.18
13.555 0.095
-11.25 3.09
13.345 -3.405
7.27 3.525
-10.705 -3.125
-1.645 2.48
9.685 -2.87
-10.05 3.125
13.325 1.67
-1.365 -2.86
-9.575 -3.125
14.05 -3.37
13.09 3.32
-10.47 0.54
7.995 2.07
-11.25 -2.365
1.475 -2.405
13.165 -2.23
-8.995 3.125
6.9 -2.38
-11.205 2.19
13.46 0.765
-0.78 3.22
-8.85 -3.125
12.835 3.55
-1.59 0.88
10.12 -3.405
-10.975 3.125
-10.99 -3.125
13.94 -2.57
-0.375 -3.065
12.45 2.78
-10.47 -1.01
7.165 3.685
13.735 -3.405
1.545 2.76
-11.25 2.695
6.34 -3.405
-11.25 -2.775
13.76 -1.335
-9.535 -0.635
13.38 1.34
-1.96 -2.18
-10.275 3.125
13.05 3.615
0.49 3.34
10.585 -2.555
-9.19 -3.125
7.46 3.15
-10.47 1.205
14.035 -3.24
-11.25 -3.09
13.585 -0.155
-8.89 3.125
1.815 -1.815
13.12 3.085
-1.355 2.865
6.83 -2.845
-11.215 3.125
13.385 -3.405
-10.55 -3.125
6.78 1.82
-1.12 -2.94
13.285 1.99
-11.22 -2.19
-9.51 3.125
13.885 -2.21
9.96 -3.4
-9.0 -2.19
1.285 3.08
12.96 3.685
-11.25 2.545
0.58 -2.955
13.995 -3.405
-10.47 -0.505
7.015 3.445
-1.81 1.795
13.0 -1.035
-8.87 2.19
6.17 -3.405
-9.99 -3.125
13.175 2.785
-10.85 3.125
11.81 1.465
-11.105 -3.125
-0.225 3.34
13.275 -3.015
-1.875 -2.555
-11.25 2.235
9.19 -1.885
13.515 0.38
-8.75 -2.895
7.805 2.465
-11.25 -2.535
13.98 -2.905
1.09 -2.735
-10.48 3.125
12.89 3.675
-1.07 3.08
10.335 -3.065
-9.535 0.445
13.705 -1.0
-9.255 3.125
6.22 -2.135
-9.35 -3.125
12.74 3.355
-0.055 -0.2
-11.25 2.94
7.055 3.68
14.01 -3.125
-11.25 -2.955
13.255 2.22
-0.01 -3.065
-10.47 0.415
6.75 -3.4
0.83 3.26
13.815 -1.77
-10.37 -3.125
-9.89 3.125
13.435 0.905
13.7 -3.405
-11.11 2.19
-1.66 -2.72
13.105 3.225
-10.935 -2.19
7.585 2.905
-1.535 2.66
9.81 -3.12
-11.25 3.07
13.915 -2.38
-9.02 -3.125
12.395 2.67
1.46 2.96
-11.21 -3.125
6.055 -3.29
-8.82 3.125
14.045 -3.33
-10.47 -0.68
13.05 3.575
-1.775 -1.82
13.655 -0.62
0.0 3.37
-10.47 1.52
8.2 1.66
-9.66 -3.125
10.9 -1.925
-11.035 3.125
13.31 1.815
1.9 -1.18
13.33 -3.37
-11.25 -2.33
6.985 3.255
-0.655 -3.035
-9.145 3.125
10.215 -3.3
-10.89 -3.125
13.075 3.41
-1.755 2.165
13.775 -1.43
-11.25 2.35
7.065 -1.16
-9.535 -1.15
13.845 -3.405
-0.655 3.26
13.39 1.19
-10.625 3.125
-8.75 -3.115
7.195 3.67
0.94 -2.815
-11.25 -2.855
13.2 2.595
6.135 -2.76
-10.47 -0.2
13.97 -2.79
-11.25 2.75
12.915 3.685
-1.755 1.25
13.53 0.23
-8.75 -2.21
-0.255 -3.065
13.22 -2.59
-10.135 3.125
0.315 3.355
6.535 -3.405
-11.25 -2.635
12.55 2.985
14.005 -3.405
-10.47 1.02
6.875 2.45
-10.12 -3.125
10.035 -3.405
-11.15 3.125
1.545 2.4
13.6 -0.255
-1.26 -2.9
-8.815 2.19
13.035 3.655
-11.25 -3.055
13.47 -3.405
7.04 3.605
-10.47 -1.29
1.365 -2.515
12.11 2.08
-8.935 3.125
9.55 -2.6
-8.75 -2.755
13.735 -1.19
-11.24 2.19
-0.905 3.165
13.145 2.91
-1.945 -2.4
6.045 -3.405
-11.2 -2.19
14.01 -3.07
-11.25 3.005
7.405 3.26
13.335 1.575
-10.73 -3.125
0.965 3.22
13.925 -2.475
-9.86 3.125
10.42 -2.885
-10.47 0.14
12.81 3.495
1.61 -0.275
-11.155 -3.125
13.315 -3.28
0.17 -3.035
-10.89 3.125
6.67 1.055
-8.75 -3.005
13.475 0.665
-0.38 3.33
6.775 -3.275
-9.535 1.7
14.05 -3.355
12.985 3.685
-9.82 -3.125
-11.25 2.585
13.86 -1.995
-1.96 -2.05
7.24 3.575
-11.25 -2.45
13.215 2.47
-9.035 3.125
10.17 -3.39
-1.81 1.605
11.45 0.74
-10.47 -1.705
-0.83 -3.01
13.665 -0.715
-10.91 2.19
1.515 2.87
13.62 -3.405
-10.465 -3.125
13.065 3.465
-11.205 3.125
6.25 -3.405
-1.425 2.795
8.365 1.33
-8.97 -3.125
13.965 -3.405
-9.325 3.125
13.255 2.145
0.705 -2.915
-11.25 -3.005
6.93 2.875
-9.535 0.78
13.57 -0.055
0.61 3.315
-10.345 3.125
12.7 3.275
9.765 -3.035
-10.47 -0.875
13.9 -2.275
-1.435 -2.83
-11.065 -3.125
6.34 -1.295
-11.25 2.91
13.145 2.975
13.29 -3.11
-11.25 -2.205
1.775 -1.925
-1.15 3.025
13.365 1.41
-11.25 2.415
7.11 3.685
-9.27 -3.125
13.995 -2.995
-8.83 3.125
6.815 -2.945
12.875 3.65
-10.47 0.895
13.695 -0.905
-1.29 0.51
-10.28 -3.125
9.05 -0.055
-10.705 3.125
14.035 -3.28
-0.425 -3.065
1.2 3.125
-8.75 -2.565
12.245 2.37
9.905 -3.3
-11.25 -2.755
7.64 2.795
-11.105 3.125
13.805 -1.615
-1.82 -2.61
13.09 3.275
-10.47 -0.385
0.15 3.37
6.66 -3.405
-8.955 2.19
13.5 0.475
-10.94 -3.125
13.425 -3.405
-9.61 3.125
1.255 -2.61
13.05 3.625
-1.605 2.55
-11.25 2.265
13.955 -2.71
-8.8 -3.125
7.295 3.465
11.065 -1.585
-11.25 -3.08
6.085 -3.405
-11.25 3.08
13.405 1.09
-1.04 -2.97
13.82 -3.405
-9.535 -0.045
-0.45 3.315
13.185 2.69
-10.6 -2.19
10.23 -3.27
-9.975 3.125
13.845 -1.89
7.025 3.55
-9.72 -3.125
0.475 -2.98
12.95 3.685
-10.47 1.4
1.08 2.36
13.625 -0.395
-11.25 -2.26
6.535 0.04
-11.25 2.715
14.02 -3.205
-1.795 1.915
13.285 1.95
-10.62 -3.125
6.125 -2.855
-9.075 3.125
-1.905 -1.865
13.33 -3.39
7.885 2.3
-10.47 -0.04
13.065 3.51
-9.115 -3.125
10.475 -2.775
-10.955 3.125
13.08 -1.64
-11.2 -3.125
0.31 0.605
12.34 2.56
-10.47 1.915
0.405 3.34
13.985 -3.405
-10.47 -1.15
6.975 3.105
1.515 -2.365
9.99 -3.405
-10.525 3.125
13.13 3.06
-11.25 -2.555
13.545 0.165
-1.92 -2.48
6.48 -3.405
-9.435 3.125
13.94 -2.595
-9.275 -2.19
-1.3 2.92
12.85 3.57
-11.25 2.505
13.58 -3.405
-0.05 -3.065
-11.25 -2.835
7.045 3.66
11.92 1.7
-8.75 -3.045
1.545 2.66
13.75 -1.23
-11.18 3.125
9.385 -2.27
-8.865 3.125
13.23 2.4
-10.045 -3.125
-0.075 3.355
6.845 -2.73
-10.47 0.67
13.235 -2.695
13.445 0.865
-11.035 -2.19
-1.52 -2.79
12.67 3.225
-11.145 2.19
6.835 2.155
14.035 -3.32
-1.74 2.225
-10.835 -3.125
1.885 -1.445
-11.25 2.85
13.87 -2.09
12.97 3.685
-9.31 2.19
6.08 -3.115
-9.47 -3.125
7.21 3.645
10.16 -3.4
0.31 -3.02
-10.08 3.125
13.325 1.73
-11.25 -2.98
-0.87 3.18
13.865 -3.405
-10.47 0.255
13.655 -0.55
1.435 2.985
-8.75 -2.44
13.075 3.365
-10.81 3.125
9.645 -2.79
-0.585 -3.05
13.98 -2.88
-11.25 -2.385
7.49 3.095
-11.25 3.05
13.38 1.305
-1.645 0.98
-10.47 -1.52
6.735 -3.405
13.79 -1.515
-8.775 2.19
12.78 3.44
-8.875 -3.125
0.68 3.3
13.52 -3.405
-11.25 2.205
8.13 1.795
-11.01 -3.125
0.83 -2.87
11.07 -0.04
-9.175 3.125
13.04 3.645
-1.96 -2.265
14.02 -3.15
-10.23 -3.125
6.245 -1.95
-10.47 1.265
13.6 -0.215
-0.59 3.275
10.64 -2.445
-9.76 3.125
13.175 2.76
-11.25 -2.67
7.15 3.685
-1.19 -2.925
-11.25 2.97
13.915 -2.405
6.28 -3.405
-10.47 -0.555
12.48 2.835
-11.19 -3.125
1.03 3.19
13.935 -3.405
-8.75 -2.855
9.95 -3.39
-8.915 3.125
13.27 2.07
-1.78 1.4
-11.25 2.63
6.92 2.74
13.315 -3.31
-9.895 -3.125
1.695 -2.09
13.105 3.2
-10.43 3.125
13.695 -0.87
-11.235 -2.19
-1.56 2.615
6.395 -0.875
13.475 0.685
-9.535 -0.44
-1.63 -2.735
12.935 3.685
-11.065 3.125
13.83 -1.805
-10.58 -3.125
6.04 -3.39
-0.19 3.355
13.765 -3.405
-11.01 2.19
7.325 3.415
-0.175 -3.065
-11.25 -2.93
10.285 -3.165
13.24 2.305
-8.84 3.125
-8.765 -3.125
13.97 -2.815
1.75 -0.505
-10.47 0.33
12.875 3.64
6.74 1.535
-10.24 3.125
8.96 -1.42
-1.04 3.095
-9.535 -1.685
13.57 0.015
13.35 -3.405
-11.12 -3.125
-1.945 -1.96
-11.25 2.37
13.35 1.54
1.545 2.505
6.79 -3.165
-9.32 -3.125
14.035 -3.25
7.07 3.685
-11.19 3.125
13.06 3.55
-11.12 -2.19
1.035 -2.76
13.735 -1.135
-9.48 3.125
0.235 3.355
12.205 2.29
-10.47 -0.15
9.89 -3.27
-0.79 -3.02
-10.77 -3.125
13.275 -2.955
7.72 2.63
-11.25 2.805
13.435 0.975
-8.75 -2.25
6.375 -3.405
-9.535 1.48
12.615 3.115
-1.795 2.0
13.975 -3.405
-11.25 -3.065
1.255 3.095
-10.745 3.125
13.9 -2.31
13.12 3.115
-1.89 -2.535
-11.25 -2.515
7.015 3.4
10.775 -2.175
-8.975 3.125
0.625 -2.94
-9.545 -3.125
13.815 -1.71
-10.47 1.145
13.05 3.61
6.165 -2.565
-1.245 2.96
13.665 -3.405
-11.25 2.285
13.53 0.29
-10.4 -3.125
8.585 0.89
-9.92 3.125
10.14 -3.405
-10.47 -1.1
13.215 2.5
0.545 3.33
-9.065 -3.125
13.995 -2.975
-11.25 3.06
0.13 -3.05
7.255 3.55
11.685 1.22
-11.25 -2.3
-1.015 0.295
12.825 3.535
-8.84 2.19
6.125 -3.405
14.04 -3.33
-10.995 3.125
-0.695 3.245
13.64 -0.5
-11.25 -2.795
-1.005 -2.97
13.31 1.835
-9.535 0.14
10.39 -2.94
-8.75 -3.09
13.94 -2.645
1.845 -1.72
-11.25 2.46
7.555 2.96
13.16 2.885
-9.23 3.125
-11.08 -3.125
6.7 -3.405
1.53 2.835
13.3 -3.22
-10.47 0.715
12.89 3.665
-1.845 -1.82
13.775 -1.42
-10.6 3.125
-10.185 -3.125
6.615 0.67
13.405 1.155
-1.685 2.38
-10.47 -1.93
9.74 -2.98
1.295 -2.585
-11.25 2.675
13.905 -3.405
7.175 3.685
-11.25 -3.035
13.09 3.35
0.06 3.37
-9.695 3.125
13.87 -2.135
-8.75 -2.645
6.925 -2.175
-10.47 -0.76
13.49 0.51
-1.325 -2.87
-11.12 3.125
12.725 3.33
13.445 -3.405
0.87 3.245
-11.25 -2.6
6.975 3.16
-10.47 1.645
13.68 -0.75
-0.335 -3.065
-9.77 -3.125
10.07 -3.405
13.035 3.65
-8.885 3.125
14.01 -3.045
-1.45 2.765
-11.25 2.22
6.07 -3.265
-10.66 -3.125
12.425 2.725
-1.785 -2.64
7.94 2.18
-11.25 -2.215
13.19 -2.39
-10.32 3.125
13.365 1.44
-0.3 3.34
-8.93 -3.125
11.53 -0.655
-11.25 2.925
6.59 -3.405
13.72 -3.405
-1.52 0.77
-11.175 -3.125
13.2 2.57
-9.535 0.945
7.04 3.575
1.13 -2.705
13.925 -2.5
-10.47 -0.28
13.61 -0.29
-9.3 3.125
1.5 2.265
13.065 3.495
-8.75 -2.95
10.545 -2.64
-10.935 3.125
1.46 -0.095
14.035 -3.295
-11.25 -2.71
6.89 2.55
0.38 -3.01
13.27 2.115
-10.84 2.19
-0.96 3.135
10.2 -3.325
-10.855 -3.125
13.72 -1.035
-11.25 3.025
12.855 3.59
-1.945 -2.36
-9.405 -3.125
6.805 -3.07
13.37 -3.405
-10.47 0.555
1.35 3.04
12.0 1.865
-9.015 3.125
-11.18 -2.19
13.445 0.8
7.35 3.355
13.955 -3.405
-8.815 -2.19
-1.81 1.67
13.12 3.16
-10.16 3.125
6.095 -3.0
-0.465 -3.065
13.845 -1.945
-10.525 -3.125
-11.25 2.565
9.465 -2.435
0.74 3.29
-10.47 -1.31
13.545 0.13
-8.91 2.19
13.05 3.59
1.585 -2.27
14.02 -3.165
-11.25 -2.875
7.09 3.685
-11.17 3.125
9.965 -3.405
-9.94 -3.125
-0.535 3.29
13.185 2.665
-1.575 -2.76
13.955 -2.74
-11.23 2.19
8.05 1.96
-9.56 3.125
6.76 -3.385
-9.16 -3.125
13.76 -1.325
-10.47 0.09
12.56 3.005
-1.725 2.275
13.55 -3.405
-11.25 -2.42
0.745 -2.9
13.335 1.635
-10.665 3.125
6.98 -1.74
-11.25 -3.045
7.665 2.74
12.885 3.66
-8.855 3.125
1.11 3.165
13.29 -3.06
-9.535 -0.95
-0.745 -3.02
13.585 -0.115
-11.25 2.78
6.065 -3.405
-10.97 -3.125
13.795 -3.405
7.0 3.305
-8.825 -3.125
13.13 2.995
-1.17 3.015
-10.47 2.08
10.255 -3.22
-1.69 -1.835
13.885 -2.2
-10.47 -0.66
13.075 3.43
-9.81 3.125
1.885 -1.015
9.08 -1.665
-10.82 -2.19
13.39 1.26
0.275 3.355
-11.25 2.99
14.03 -3.235
-9.61 -3.125
6.7 1.245
13.805 -1.64
-10.47 1.46
0.065 -3.05
12.755 3.385
-11.15 -3.125
7.2 3.665
-10.87 3.125
9.865 -3.215
-1.495 2.71
13.285 2.015
-10.325 -3.125
13.33 -3.35
-9.12 3.125
6.2 -3.405
-1.7 -2.695
13.515 0.37
-8.75 -2.485
1.545 2.71
-11.25 2.25
13.995 -2.95
12.315 2.505
-11.25 -2.275
6.945 2.95
-10.47 0.46
13.665 -0.655
-1.795 1.475
-10.47 3.125
12.875 3.62
6.19 -2.375
-11.25 -2.945
13.125 -1.925
-1.085 -2.955
-0.155 3.355
-9.055 2.19
13.925 -3.405
-8.75 -2.795
13.23 2.375
1.405 -2.475
-11.25 2.865
10.83 -2.065
-10.47 -0.96
7.04 3.65
13.105 3.255
-10.09 -3.125
6.43 -3.405
13.915 -2.43
-10.02 3.125
-0.81 3.205
11.605 1.055
-11.25 -2.48
-1.96 -2.1
14.035 -3.325
-11.05 3.125
9.935 -3.365
13.065 3.535
-11.045 -3.125
1.49 2.92
-10.47 1.0
13.42 1.02
0.265 -3.02
8.255 1.55
-9.355 3.125
13.49 -3.405
-8.75 -3.105
13.705 -0.94
-11.25 2.525
7.42 3.22
-1.385 0.61
-10.47 -1.545
12.645 3.17
9.615 -2.735
-10.79 -3.125
0.93 3.235
14.01 -3.09
-11.25 3.04
6.29 -1.65
-0.73 -2.275
13.16 2.81
-9.22 -3.125
-8.93 3.125
13.83 -1.87
6.775 -3.285
-10.47 -0.4
13.49 0.565
-1.34 2.875
-11.25 -2.995
13.05 3.6
-11.05 2.19
13.64 -3.405
1.665 -2.145
7.225 3.615
-8.785 2.19
10.35 -3.02
-10.99 -2.19
13.295 1.88
-1.905 -2.505
0.12 3.37
-11.16 3.125
13.625 -0.365
6.85 2.26
-9.865 -3.125
13.245 -2.81
-9.535 0.61
6.055 -3.335
-0.215 -3.065
12.795 3.475
-10.565 3.125
13.94 -2.615
-11.25 -2.73
-1.765 2.11
10.1 -3.405
-11.25 2.33
11.865 1.59
-8.75 -2.29
1.34 2.225
13.79 -1.54
-11.165 -3.125
7.775 2.52
-9.65 3.125
13.885 -3.405
0.9 -2.83
13.24 2.255
-10.47 0.215
-0.415 3.315
13.09 3.3
-8.91 -3.125
6.87 -2.54
-10.79 3.125
13.33 -3.385
-1.4 -2.845
-11.25 -2.235
7.025 3.505
13.545 0.195
-9.055 3.125
-10.44 -3.125
11.285 -1.145
12.865 3.61
1.9 -1.325
-11.195 2.19
14.035 -3.27
0.445 3.34
6.63 -3.405
-10.47 0.815
13.365 1.375
-10.92 -3.125
-0.92 -2.995
13.86 -2.065
-11.25 2.895
6.56 0.275
12.52 2.915
-9.69 -3.125
-1.645 2.465
10.185 -3.36
-8.875 3.125
7.285 3.495
13.97 -2.84
-11.25 -2.345
13.145 2.94
-10.39 3.125
0.545 -2.97
13.75 -1.255
-8.75 -2.98
1.395 3.015
-10.47 -0.89
13.41 -3.405
-0.99 3.125
8.68 0.685
-11.09 3.125
13.05 3.58
-11.25 -3.025
6.31 -3.405
-1.93 -1.92
13.46 0.73
-9.535 2.0
13.945 -3.405
-9.535 -1.475
7.135 3.685
-11.25 2.73
10.445 -2.83
-1.71 1.13
13.325 1.705
-10.68 -3.125
-0.62 -3.05
13.695 -0.845
-10.105 3.125
12.71 3.305
-9.04 -3.125
6.15 -2.66
0.795 3.275
14.02 -3.14
-10.47 -0.055
9.7 -2.9
-11.25 -2.62
7.61 2.85
-11.25 2.43
13.175 2.735
1.24 -2.625
-9.41 3.125
13.9 -2.335
-0.745 3.235
-10.145 -3.125
12.875 3.635
-1.945 -2.42
13.3 -3.175
-11.25 3.015
13.585 -0.09
-11.225 -2.19
6.795 1.875
1.105 0.19
-10.47 1.585
12.15 2.165
6.745 -3.405
-11.095 -3.125
13.75 -3.405
-0.035 3.355
-8.775 -3.125
13.075 3.39
-9.945 3.125
10.015 -3.405
-0.09 -3.065
13.815 -1.735
-9.535 0.285
7.055 3.67
-11.145 3.125
6.08 -3.165
-11.25 -2.905
13.405 1.125
-1.81 1.855
14.035 -3.315
-9.515 -3.125
-8.895 3.125
13.2 2.52
1.16 3.135
9.33 -2.16
-10.47 -1.205
-1.47 -2.815
13.625 -0.435
-10.965 2.19
12.835 3.555
13.955 -2.69
-8.755 -2.19
7.38 3.305
-10.83 3.125
1.79 -1.885
6.44 -0.59
-10.505 -3.125
13.835 -3.405
-1.395 2.82
-10.47 0.63
13.13 3.04
10.68 -2.365
-11.25 2.655
1.545 2.445
-11.25 -2.83
13.72 -1.08
-1.225 -2.915
12.37 2.615
-8.805 2.19
6.105 -3.405
13.315 -3.25
-10.47 -1.73
6.93 2.82
-9.52 3.125
13.065 3.525
-8.75 -2.715
9.835 -3.16
-0.27 3.34
13.5 0.465
-11.25 2.225
0.665 -2.925
-11.25 -2.4
13.98 -2.93
13.255 2.2
-10.265 3.125
-1.96 -2.225
7.845 2.385
-11.14 -3.125
13.205 -2.53
0.575 3.315
-11.25 2.955
13.35 1.49
-9.36 -3.125
6.805 -3.01
-10.47 -0.595
13.685 -3.405
-0.63 0.075
7.015 3.455
-9.165 3.125
13.76 -1.37
13.065 3.48
-10.015 -3.125
-1.575 2.59
10.15 -3.405
-10.47 1.1
-0.295 -3.065
13.925 -2.525
-11.01 3.125
8.39 1.275
-11.25 -2.57
12.59 3.06
-1.745 -2.665
13.555 0.055
-10.75 -3.125
-1.085 3.07
6.51 -3.405
-10.685 3.125
14.02 -3.225
7.215 3.64
-8.75 -3.075
12.82 3.515
-9.535 1.105
1.46 -2.42
13.36 -3.405
-11.25 2.395
13.435 0.92
-11.25 -3.01
1.53 2.8
10.31 -3.105
-8.96 3.125
13.12 3.145
-10.47 -0.215
13.86 -2.02
1.87 -0.865
-11.11 -2.19
9.38 -0.71
-11.25 2.825
-0.62 3.275
13.31 1.785
6.055 -3.405
-10.3 -3.125
14.035 -3.305
-0.865 -3.01
-9.835 3.125
6.985 3.21
13.655 -0.585
-9.135 -3.125
13.05 3.56
-1.765 1.325
-9.535 -0.805
9.92 -3.325
-11.13 3.125
13.565 -3.405
0.37 3.355
-10.955 -3.125
13.23 2.33
0.96 -2.805
-9.12 2.19
11.41 0.66
7.08 3.685
-11.12 2.19
13.97 -2.76
-11.25 -2.225
6.76 -3.355
1.3 3.07
-10.47 0.37
12.875 3.625
-1.85 -2.575
13.775 -1.465
-8.845 -3.125
-9.28 3.125
10.97 -1.775
6.37 -1.075
-11.25 -2.97
13.16 2.85
0.435 -2.995
13.915 -3.405
-10.91 3.125
-1.71 2.315
7.475 3.11
-10.47 -1.425
13.6 -0.19
-11.25 2.61
12.095 2.055
-9.795 -3.125
13.26 -2.905
0.18 3.37
-0.545 -3.05
-10.47 1.285
13.09 3.33
6.11 -2.965
-11.25 -2.655
13.885 -2.22
-10.2 3.125
6.765 1.675
-8.75 -2.365
13.445 0.835
-1.21 2.985
10.045 -3.405
-11.25 3.0
14.01 -3.055
-1.875 -1.835
-11.025 -3.125
12.77 3.425
-8.905 3.125
7.04 3.625
9.56 -2.625
0.995 3.205
-10.47 -0.34
13.295 1.925
-10.6 -3.125
13.505 -3.405
-11.25 2.3
6.225 -3.405
1.185 -2.665
13.68 -0.775
-8.75 -2.925
-10.505 3.125
13.185 2.64
-0.51 3.3
7.695 2.685
-11.25 -2.315
13.86 -3.405
-1.16 -2.925
-9.72 3.125
12.85 3.585
6.955 -1.97
-9.445 -3.125
13.845 -1.905
-1.81 1.73
-10.47 1.76
13.53 0.265
-11.125 -3.125
10.5 -2.72
1.545 2.56
0.0 -3.065
12.685 3.25
-11.22 2.19
14.035 -3.26
-10.47 -1.03
7.31 3.44
-9.09 3.125
1.87 -1.56
13.335 1.61
-11.25 -2.79
13.32 -3.335
-11.115 3.125
6.845 -2.765
-0.89 3.18
13.05 3.57
-8.995 -3.125
13.735 -1.175
-1.96 -2.3
-10.47 0.03
10.23 -3.28
6.865 2.355
-10.725 3.125
-10.35 -3.125
12.29 2.45
13.94 -2.565
-8.88 2.19
-1.18 0.415
6.565 -3.405
-10.88 -2.19
13.475 0.635
7.16 3.685
-11.25 2.79
14.01 -3.105
0.645 3.3
-1.605 -2.75
13.105 3.235
-11.25 -2.5
-10.47 0.88
13.165 -2.185
6.645 0.865
-8.95 -2.19
0.345 -3.01
11.74 1.33
-11.25 2.48
13.39 -3.405
-10.875 -3.125
-1.55 2.635
13.075 3.44
-8.99 3.125
9.975 -3.405
6.045 -3.385
-9.65 -3.125
13.39 1.205
-11.25 2.98
0.03 3.37
13.79 -1.59
1.61 -2.23
-11.25 -2.925
8.09 1.875
-9.585 3.125
13.78 -3.405
13.215 2.445
-9.535 -0.295
1.515 2.885
-1.36 -2.025
13.64 -0.475
-9.245 -3.125
6.96 3.05
-10.37 3.125
14.035 -3.285
-11.215 -2.19
12.865 3.595
6.22 -2.18
-10.98 3.125
9.78 -3.05
-1.78 2.065
-8.75 -2.605
13.27 2.04
-0.715 -3.035
13.915 -2.375
-10.47 -0.8
7.24 3.585
-10.7 2.19
12.535 2.95
-11.11 -3.125
6.68 -3.405
13.98 -2.855
-9.21 3.125
1.23 3.11
0.85 -2.86
13.705 -0.965
-10.065 -3.125
13.145 2.98
-10.0 3.125
10.175 -3.385
-1.28 2.93
-10.47 0.29
13.65 -3.405
-8.785 -3.125
8.86 0.33
-11.25 2.885
13.065 3.515
-1.96 -2.035
-11.25 -2.86
13.5 0.41
-0.37 3.33
10.6 -2.53
-11.17 2.19
7.115 3.685
1.655 -0.34
13.895 -3.405
-10.47 -2.08
-9.005 2.19
13.38 1.35
6.07 -3.23
-1.29 -2.885
-10.64 -3.125
13.87 -2.11
-11.07 3.125
12.74 3.365
-1.63 0.95
7.915 2.235
-11.25 -2.435
13.29 -3.12
-8.92 3.125
1.53 2.355
13.57 -0.04
-10.47 -0.49
0.1 -3.05
13.12 3.095
-11.25 2.69
9.275 -2.05
-8.75 -3.025
13.995 -3.0
-11.25 -2.985
7.39 3.275
6.4 -3.405
-10.63 3.125
13.255 2.16
0.51 3.33
1.35 -2.53
-10.47 0.78
13.025 -1.23
-9.92 -3.125
12.87 3.615
10.27 -3.19
-9.455 3.125
-1.465 2.745
14.02 -3.18
-11.17 -2.19
-1.805 -2.625
12.19 2.26
-11.25 2.355
13.815 -1.785
7.025 3.53
-10.995 -3.125
6.79 -3.12
-0.835 3.19
13.455 -3.405
-9.535 -1.21
13.055 3.55
-11.25 2.965
-0.41 -3.065
13.42 1.065
-9.535 1.33
6.495 -0.205
-8.95 -3.125
13.665 -0.68
1.08 3.18
-10.3 3.125
9.875 -3.245
-10.255 -3.125
13.175 2.79
1.75 -1.98
13.33 -3.375
-10.47 1.355
7.53 3.0
-11.25 -2.705
13.955 -2.665
-1.795 1.54
-8.795 2.19
12.465 2.795
6.145 -3.405
-10.47 -1.635
-0.975 -2.98
-11.03 3.125
10.765 -0.645
13.815 -3.405
-0.09 3.355
-10.82 -3.125
12.82 3.53
-11.25 2.24
7.185 3.675
13.75 -1.28
-8.75 -2.825
0.775 -2.885
13.35 1.52
-9.785 3.125
9.945 -3.385
-11.25 -2.255
1.45 2.96
13.555 0.085
-9.02 3.125
-1.93 -2.455
13.2 2.55
-10.47 0.125
13.9 -2.285
6.18 -2.47
-9.295 -3.125
6.92 2.71
-11.25 2.55
13.605 -3.405
-1.615 2.52
-11.075 -3.125
13.075 3.415
0.545 0.495
-10.765 3.125
14.02 -3.2
8.5 1.055
-10.485 -3.125
6.755 -3.39
12.63 3.14
-1.495 -2.805
-11.25 2.93
13.61 -0.3
-0.565 3.29
-10.47 -1.165
10.38 -2.96
-8.75 -2.525
7.0 3.345
13.22 -2.62
-9.345 3.125
0.23 -3.035
13.105 3.18
-11.25 -2.96
13.46 0.775
-10.47 0.59
0.765 3.275
13.875 -3.405
-11.1 3.125
8.78 -1.05
-9.585 -3.125
11.96 1.78
-1.125 3.04
13.805 -1.665
-11.25 -2.465
1.055 -2.75
-10.45 3.125
6.055 -3.31
13.24 2.285
-8.94 3.125
13.97 -2.785
7.75 2.575
-9.535 -0.095
-1.96 -2.16
13.05 3.555
-11.25 -2.76
9.66 -2.815
-11.08 2.19
0.205 3.37
13.315 -3.3
-8.75 -3.095
7.05 3.66
13.31 1.755
-11.25 2.755
-0.51 -3.05
10.125 -3.405
-10.905 -3.125
13.72 -1.055
-1.795 1.965
-9.535 2.19
12.84 3.56
6.26 -1.835
-10.47 -0.725
14.005 -3.04
-9.745 -3.125
1.545 2.61
13.49 0.585
-10.07 3.125
6.775 -3.235
-11.065 -2.19
6.82 2.11
13.915 -2.455
-10.47 1.19
1.53 -2.335
13.145 2.92
-10.94 3.125
-1.675 -2.705
13.705 -3.405
-8.75 -2.22
7.27 3.515
-1.015 3.11
12.785 3.45
-11.09 -3.125
11.16 -1.39
-9.13 3.125
13.86 -1.99
-11.25 2.27
-1.575 0.855
6.35 -3.405
-9.09 -3.125
13.285 1.98
0.49 -2.98
14.025 -3.235
-10.47 -0.115
0.9 3.235
13.085 3.355
-11.25 -2.885
10.24 -3.245
-11.25 2.845
13.64 -0.535
-10.21 -3.125
7.445 3.165
-9.675 3.125
13.535 -3.405
-1.375 -2.86
-0.2 3.355
13.435 0.96
-11.25 -2.36
6.9 -2.335
-10.545 3.125
13.175 2.71
1.815 -0.66
-8.83 2.19
13.775 -1.49
-8.81 -3.125
8.175 1.71
-11.25 2.455
13.065 3.5
-0.14 -3.065
13.275 -3.0
-10.72 -3.125
-1.67 2.415
9.505 -2.515
-10.47 -1.385
7.04 3.61
13.515 0.315
-10.47 1.88
1.325 3.055
13.98 -2.89
-1.92 -1.885
-11.08 3.125
12.66 3.195
-11.25 -2.595
6.125 -2.83
13.85 -3.405
-10.47 0.495
10.085 -3.405
-9.965 -3.125
12.865 3.6
-0.665 3.26
-9.25 3.125
13.38 1.275
-0.81 -3.02
6.725 1.39
-9.535 -1.98
13.38 -3.405
-11.25 2.945
6.72 -3.405
-11.05 -3.125
12.41 2.685
0.345 3.355
13.87 -2.165
-11.21 2.19
1.86 -1.64
7.335 3.385
-10.74 -2.19
13.68 -0.8
-9.9 3.125
10.555 -2.61
-1.885 -2.545
13.23 2.405
-8.75 -2.685
-1.74 1.22
14.02 -3.155
-10.865 3.125
-10.42 -3.125
13.1 3.26
6.07 -3.405
-10.47 0.94
7.145 3.685
13.585 -0.145
-8.97 3.125
1.44 2.225
-11.25 -2.245
11.315 0.465
0.59 -2.955
13.74 -3.405
-10.47 -0.46
-1.315 2.895
9.81 -3.11
-11.25 2.625
13.065 3.455
-11.25 -2.94
13.095 -1.735
-8.89 -3.125
6.96 3.0
13.325 1.68
-10.22 3.125
1.325 -2.555
13.925 -2.55
0.09 3.37
-9.535 0.655
6.455 -3.405
-9.38 -3.125
12.04 1.945
-1.02 -2.97
-9.5 3.125
13.735 -1.205
-11.25 -2.81
12.81 3.5
-1.755 2.18
13.995 -2.96
-11.25 2.51
6.59 0.465
9.93 -3.345
-9.535 -0.585
1.415 3.0
13.13 3.065
-10.56 -3.125
13.43 -3.405
-10.96 3.125
7.815 2.44
-1.96 -2.325
13.5 0.485
-11.205 -2.19
-9.19 2.19
6.095 -3.075
13.83 -1.845
-0.46 3.315
-9.845 -3.125
13.2 2.6
0.03 -3.05
-11.25 2.915
7.215 3.625
14.02 -3.22
-10.47 0.18
10.335 -3.055
-9.05 3.125
13.27 2.095
-8.75 -3.06
1.285 0.055
7.035 -1.365
-11.015 -3.125
12.86 3.59
-10.775 2.19
13.3 -3.2
-0.935 3.15
13.625 -0.36
-11.25 -2.675
0.985 -2.79
-10.65 3.125
6.985 3.265
13.83 -3.405
-10.47 -0.995
12.575 3.03
-1.55 -2.775
0.71 3.29
10.885 -1.955
-11.25 2.31
6.815 -2.915
-8.75 -2.325
13.435 0.89
-0.85 0.195
-10.47 1.535
13.245 -2.76
-11.25 -2.53
13.065 3.485
7.585 2.89
-11.055 3.125
10.195 -3.335
-9.495 -3.125
-1.52 2.675
13.775 -1.44
-0.345 -3.065
-8.95 3.125
12.235 2.34
14.01 -3.075
-10.935 -3.125
6.175 -3.405
1.545 2.77
-10.13 3.125
13.295 1.85
-10.47 -0.245
7.1 3.685
13.885 -2.26
-10.165 -3.125
-1.665 -1.85
12.765 3.405
-11.25 2.71
13.585 -3.405
1.64 -2.185
-11.25 -2.915
13.545 0.2
-8.94 2.19
6.76 -3.335
1.135 3.15
-8.75 -2.885
13.16 2.87
8.01 2.04
-9.63 3.125
9.995 -3.405
-11.25 -2.295
13.695 -0.895
-10.47 1.065
-0.31 3.34
13.955 -2.72
-0.67 -3.035
-11.25 2.82
11.82 1.505
-9.185 -3.125
6.89 2.525
13.09 3.315
-1.81 1.585
-10.47 -1.84
13.79 -3.405
-10.41 3.125
6.33 -1.365
13.365 1.445
-10.695 -3.125
9.425 -2.35
-1.835 -2.595
-11.185 2.19
13.33 -3.365
-0.79 3.22
12.85 3.575
-9.39 3.125
6.055 -3.355
-11.06 -3.125
7.025 3.555
13.805 -1.69
-10.47 -0.63
0.185 -3.035
-10.825 3.125
13.57 0.0
1.9 -1.055
14.01 -3.12
-8.86 -3.125
12.495 2.85
-10.47 0.4
0.535 3.33
10.735 -2.255
-11.02 -2.19
13.215 2.49
-11.25 2.41
-1.25 -2.9
8.31 1.44
-1.415 2.795
13.925 -2.47
-11.25 -2.85
6.61 -3.405
-9.19 3.125
13.105 3.21
-8.875 -2.19
10.16 -3.395
-11.04 3.125
7.19 3.67
14.02 -3.23
-1.45 0.69
-10.38 -3.125
13.405 1.16
1.165 -2.68
-9.535 1.535
13.655 -0.63
0.975 3.22
-10.47 -1.27
12.715 3.315
-11.25 2.9
13.67 -3.405
-1.945 -2.0
6.86 -2.63
-9.67 -3.125
7.365 3.33
-9.955 3.125
13.86 -2.04
-11.25 -2.38
13.065 3.47
-1.7 2.345
9.85 -3.19
-11.25 2.58
13.46 0.7
-10.85 -3.125
0.715 -2.915
13.4 -3.405
-0.01 3.37
-8.81 2.19
6.81 1.97
13.255 2.215
-9.01 -3.125
13.18 -2.295
-10.585 3.125
6.135 -2.73
-10.47 0.0
13.13 3.02
-1.105 -2.94
-11.25 -2.74
13.72 -1.11
1.475 2.94
-9.0 3.125
13.97 -2.81
7.015 3.43
-11.25 2.255
9.165 -1.83
-9.535 -1.085
12.835 3.54
-1.23 2.975
-0.225 -3.065
10.435 -2.85
-11.145 -2.19
13.335 1.585
-10.895 3.125
13.805 -3.405
-8.795 -3.125
6.27 -3.405
-10.47 1.7
13.6 -0.225
0.765 2.51
-10.975 -3.125
7.5 3.055
1.705 -2.065
11.535 0.92
-9.74 3.125
14.02 -3.19
-10.025 -3.125
13.075 3.395
-1.915 -2.49
-10.47 0.75
13.315 -3.325
-1.81 1.84
6.465 -0.395
-11.25 -2.895
12.355 2.575
-11.25 2.875
13.79 -1.56
7.04 3.64
-8.75 -2.4
9.89 -3.28
0.305 3.355
-10.925 2.19
13.175 2.77
-10.47 -0.86
0.405 -2.995
13.915 -2.395
-9.105 3.125
6.07 -3.2
-11.25 -2.64
13.515 0.39
-0.72 3.235
12.8 3.48
-11.0 3.125
-1.64 -2.735
13.485 -3.405
-9.425 -3.125
8.97 0.11
-9.535 0.095
13.295 1.905
1.515 2.31
-10.775 -3.125
13.99 -2.945
-10.33 3.125
6.76 -3.375
7.25 3.56
-1.685 1.06
10.295 -3.135
-11.25 2.67
13.64 -0.455
-11.25 -2.27
-0.455 -3.065
13.12 3.13
-8.75 -2.995
13.845 -1.925
-9.54 3.125
7.87 2.33
1.21 3.125
-10.53 -3.125
13.42 1.045
1.49 -2.39
-11.25 2.375
13.26 -2.86
-10.47 -1.5
12.85 3.565
-1.05 3.095
10.055 -3.405
-9.535 0.905
13.755 -3.405
-1.855 -1.82
-10.73 3.125
13.23 2.355
-11.035 -3.125
6.09 -3.405
6.92 2.765
-8.98 3.125
13.76 -1.345
-9.565 -3.125
12.605 3.085
-0.89 -2.995
-0.165 3.355
14.02 -3.17
-10.47 1.25
9.59 -2.68
-11.25 -2.55
7.125 3.685
-11.25 2.775
13.07 3.45
1.9 -1.225
-8.75 -2.765
13.94 -2.59
-1.59 2.565
13.38 1.315
-10.47 -0.31
6.79 -3.175
-10.04 3.125
13.705 -0.99
-10.11 -3.125
0.875 -2.845
13.625 -3.405
-11.15 2.19
0.84 3.26
12.125 2.11
-11.25 -2.87
7.64 2.78
-9.305 3.125
10.625 -2.475
-1.445 -2.83
12.7 3.285
-11.02 3.125
6.205 -2.275
-11.195 -2.19
13.555 0.105
-9.07 -3.125
13.995 -3.015
1.53 2.845
-8.85 2.19
13.185 2.675
-0.06 -3.065
13.305 -3.23
-10.47 0.525
-1.74 2.235
8.445 1.165
-10.895 -3.125
9.96 -3.395
-10.49 3.125
13.09 3.34
-1.96 -2.195
7.295 3.475
-8.775 -2.19
13.885 -2.185
6.54 -3.405
-11.25 2.86
13.49 0.54
-0.39 3.33
-11.25 -2.78
13.665 -0.705
-10.47 -1.065
0.315 -0.38
14.02 -3.21
-9.865 3.125
13.31 1.805
-10.305 -3.125
6.78 1.775
9.725 -2.945
-11.25 2.28
0.42 3.34
12.82 3.52
-8.75 -3.08
1.08 -2.735
13.53 -3.405
-9.07 3.125
7.055 3.665
-11.25 -2.445
13.145 2.96
6.05 -3.385
-10.795 3.125
13.83 -1.8
-1.36 2.85
-10.47 -0.085
11.135 0.11
-1.775 -2.64
-9.885 -3.125
13.965 -2.755
-11.25 2.53
13.27 2.12
10.175 -3.375
-1.78 1.38
-10.95 -2.19
6.975 3.12
-0.595 -3.05
13.075 3.425
-10.47 1.415
13.77 -3.405
-11.005 -3.125
6.41 -0.78
-9.27 2.19
13.46 0.755
1.36 3.04
-9.34 -3.125
6.65 -3.405
-10.93 3.125
13.29 -3.095
12.44 2.74
1.815 -1.79
-10.47 -0.545
13.61 -0.28
-0.915 3.165
-10.17 3.125
7.435 3.195
-10.635 -3.125
13.205 -2.475
0.3 -3.02
12.845 3.56
-11.02 2.19
-11.25 -2.325
14.015 -3.135
0.62 3.315
10.405 -2.905
-9.15 3.125
11.905 1.67
-1.945 -2.39
-9.175 -2.19
13.735 -1.155
-11.25 2.735
6.885 -2.435
13.115 3.165
-8.975 -3.125
7.2 3.655
-11.25 -2.84
13.415 -3.405
-1.78 2.025
-10.47 0.85
13.39 1.245
6.315 -3.405
-1.17 -2.925
-9.425 3.125
13.9 -2.355
